% # columns="iteration, evaluation, sigma, max axis length,  min axis length, all principal axes lengths  (sorted square roots of eigenvalues of C)", seed=859333, Fri Jun  2 16:21:25 2023
1 7 0.10948080519245798 1.0000333338888951 1.0 1.0 1.0000166668055563 1.0000333338888951
2 14 0.1548665785796498 1.2398820481145132 0.8388231789904262 0.8388231789904262 0.9857176130289724 1.2398820481145132
3 21 0.17964450088209483 1.3034567357454416 0.8256882182951316 0.8256882182951316 0.9548306569705033 1.3034567357454416
4 28 0.14300378152017987 1.2270395970006136 0.7333959498824814 0.7333959498824814 1.0550531679022679 1.2270395970006136
5 35 0.15037051780708638 1.0746746149145607 0.689234331094384 0.689234331094384 1.0183604724851523 1.0746746149145607
6 42 0.17579819449445414 1.0989838264938954 0.7117479482456457 0.7117479482456457 0.9559439620659679 1.0989838264938954
7 49 0.21179573031486323 1.1356999402194863 0.7300026417661247 0.7300026417661247 0.9358700349147842 1.1356999402194863
8 56 0.16816398475261976 1.1644248319230273 0.7259006689417489 0.7259006689417489 0.9972074993336453 1.1644248319230273
9 63 0.14646948288016803 1.049653176091329 0.6907834352169651 0.6907834352169651 0.9566678282362504 1.049653176091329
10 70 0.12037312839375205 1.0475645977534134 0.5934106870756906 0.5934106870756906 0.9368153926831246 1.0475645977534134
11 77 0.11191918035731765 1.0108337364962048 0.5931696033466541 0.5931696033466541 0.7819418829739021 1.0108337364962048
12 84 0.09930799791441228 0.9954126699053787 0.5896249893279013 0.5896249893279013 0.7431462909708357 0.9954126699053787
13 91 0.08779861579878599 0.9453351117936879 0.5463574439792648 0.5463574439792648 0.7788872574049182 0.9453351117936879
14 98 0.09433688381101438 0.9201826050160901 0.5329588441996896 0.5329588441996896 0.6910225920802077 0.9201826050160901
15 105 0.1041116678122219 0.9479300117621594 0.475108222112729 0.475108222112729 0.7020754040363999 0.9479300117621594
16 112 0.1075908251350481 0.9200976910466666 0.42778655696436757 0.42778655696436757 0.7795844952479022 0.9200976910466666
17 119 0.14345802913740813 0.8466835971408406 0.45400949819202346 0.45400949819202346 0.7487277040888204 0.8466835971408406
18 126 0.12408322796924874 1.043193396373288 0.47380775176146867 0.47380775176146867 0.7287436357505217 1.043193396373288
19 133 0.11675719324257434 1.0131140100029976 0.4473969713611506 0.4473969713611506 0.6558983101114938 1.0131140100029976
20 140 0.1254746908392316 1.0735965869369577 0.4076941278963974 0.4076941278963974 0.6150917696347602 1.0735965869369577
21 147 0.11001335682392469 0.9321371500354113 0.4729900073411395 0.4729900073411395 0.5791243060583374 0.9321371500354113
22 154 0.11702413613529318 0.9396445185063975 0.42970431287212824 0.42970431287212824 0.5212067671657789 0.9396445185063975
23 161 0.1029795901855463 0.9661405793143198 0.4137862259084113 0.4137862259084113 0.5111360064261268 0.9661405793143198
24 168 0.08450138702400922 0.8831512995238222 0.3611901024062574 0.3611901024062574 0.5238656501517954 0.8831512995238222
25 175 0.10568074828957202 0.8625165982438927 0.3157930267151675 0.3157930267151675 0.5055620976995523 0.8625165982438927
26 182 0.0957481404060805 0.8547608965944626 0.2838395876547683 0.2838395876547683 0.6301978450197082 0.8547608965944626
27 189 0.09774667009622448 0.846189453791783 0.24543096917288248 0.24543096917288248 0.6047369939519537 0.846189453791783
28 196 0.10670090048284607 0.8813117142985961 0.21418149910441203 0.21418149910441203 0.6210672818278479 0.8813117142985961
29 203 0.08498236132353883 0.9296964742323519 0.2194821037365316 0.2194821037365316 0.532289893982005 0.9296964742323519
30 210 0.08909900534819337 0.9382227432447969 0.21312698693116341 0.21312698693116341 0.5420921768574612 0.9382227432447969
31 217 0.09898873497707202 1.0722985265960026 0.18404025385315903 0.18404025385315903 0.5255702628502696 1.0722985265960026
32 224 0.09240205538826013 1.1683426717350403 0.174167891139778 0.174167891139778 0.4828962434979686 1.1683426717350403
33 231 0.06933321658387831 1.1043461461201363 0.1608430294685363 0.1608430294685363 0.47829764850091006 1.1043461461201363
34 238 0.07449338552726184 1.0505102090319756 0.14876863596746978 0.14876863596746978 0.4197599755112277 1.0505102090319756
35 245 0.06761727844202403 1.0024088616920903 0.14376991227499689 0.14376991227499689 0.4495581559823284 1.0024088616920903
36 252 0.06303760888182307 0.9354969469147818 0.13809869972169392 0.13809869972169392 0.44079977521979913 0.9354969469147818
37 259 0.05551158568940485 0.8430290256705697 0.1297631679445154 0.1297631679445154 0.42164250392770186 0.8430290256705697
38 266 0.05728368809644167 0.8432690513654242 0.11091543654259937 0.11091543654259937 0.4063742315316067 0.8432690513654242
39 273 0.06318609241205694 0.9059568204279068 0.10971644653291202 0.10971644653291202 0.39096503416090045 0.9059568204279068
40 280 0.0869981289128131 0.9975193566789913 0.11141375955682924 0.11141375955682924 0.34057121549232205 0.9975193566789913
41 287 0.09564108117448829 1.114043900757123 0.11110813077644646 0.11110813077644646 0.34013782116700303 1.114043900757123
42 294 0.11730552191939608 1.0417184071199928 0.10672479053876334 0.10672479053876334 0.36131866673997926 1.0417184071199928
43 301 0.12155069864204379 1.1055958052445582 0.10279466367242347 0.10279466367242347 0.37501874919672956 1.1055958052445582
44 308 0.11078271079056384 1.0929692058510723 0.0991022637423681 0.0991022637423681 0.33807143119905847 1.0929692058510723
45 315 0.09928475177903007 0.9416801335402036 0.0946217477924604 0.0946217477924604 0.3811526660890163 0.9416801335402036
46 322 0.09955238410237496 0.8887073030135858 0.0897087799881579 0.0897087799881579 0.3941865031594077 0.8887073030135858
47 329 0.07938290996150305 0.8188074593564993 0.08431240804072729 0.08431240804072729 0.41644766961554663 0.8188074593564993
48 336 0.06328309798125886 0.8115497732524924 0.07185809681117399 0.07185809681117399 0.3994961317350388 0.8115497732524924
49 343 0.05062762249042998 0.7333615793065221 0.0695058254186633 0.0695058254186633 0.3747275506047882 0.7333615793065221
50 350 0.049018291331988234 0.6847322998002109 0.06863825127432299 0.06863825127432299 0.3378302680608623 0.6847322998002109
51 357 0.04470982517010615 0.6736555443028148 0.05976707093427492 0.05976707093427492 0.34286192811250615 0.6736555443028148
52 364 0.03779876238810626 0.6326210915623859 0.05552637613573092 0.05552637613573092 0.3298187657332647 0.6326210915623859
53 371 0.03986111434245295 0.6089889781479063 0.04896374669594195 0.04896374669594195 0.31939106332353046 0.6089889781479063
54 378 0.03452348895627726 0.6733624924839127 0.042540688062735074 0.042540688062735074 0.3310380788171981 0.6733624924839127
55 385 0.03143200432312255 0.6407986865836836 0.03945719262815332 0.03945719262815332 0.3057559981526605 0.6407986865836836
56 392 0.02655189992549801 0.5740293339251941 0.03764244086284652 0.03764244086284652 0.30757344741100257 0.5740293339251941
57 399 0.021379795781471686 0.484199517209785 0.035223583065461014 0.035223583065461014 0.3066994224042444 0.484199517209785
58 406 0.022673747757963734 0.4117928841459107 0.03459903878378466 0.03459903878378466 0.2921846783641856 0.4117928841459107
59 413 0.019600222510337863 0.3828986209026503 0.0346244461958152 0.0346244461958152 0.31829791449682937 0.3828986209026503
60 420 0.02022731629773904 0.3580149609879842 0.03256618558963217 0.03256618558963217 0.3106954076270435 0.3580149609879842
61 427 0.018609693663742974 0.35429069044787326 0.03229038773337283 0.03229038773337283 0.3004604954060157 0.35429069044787326
62 434 0.01588755958493102 0.3648857817306683 0.02894740721239256 0.02894740721239256 0.28799121370416947 0.3648857817306683
63 441 0.01586076346687566 0.3593303246834447 0.02558062658971332 0.02558062658971332 0.2851723520962807 0.3593303246834447
64 448 0.013032400585187114 0.392281450846202 0.024175782100001857 0.024175782100001857 0.26865950210724826 0.392281450846202
65 455 0.0114717696800916 0.3961016539953752 0.02144384119070415 0.02144384119070415 0.2502766343544979 0.3961016539953752
66 462 0.010886662526445422 0.39296013143905356 0.018408468946419072 0.018408468946419072 0.24220389504452136 0.39296013143905356
67 469 0.009578011726399362 0.38604733893673043 0.01825982368030221 0.01825982368030221 0.2193140264219626 0.38604733893673043
68 476 0.0106200329968648 0.3813152136930319 0.017025899085545977 0.017025899085545977 0.20091549446346071 0.3813152136930319
69 483 0.01144104623455353 0.3823855810197457 0.017559886074198918 0.017559886074198918 0.20462084571420736 0.3823855810197457
70 490 0.012605110871781207 0.3652645894450486 0.0165789869600496 0.0165789869600496 0.22920822411492592 0.3652645894450486
71 497 0.011476551468707748 0.37630264561359167 0.014686449817244873 0.014686449817244873 0.252395484648417 0.37630264561359167
72 504 0.011526170813411705 0.3591283527729569 0.013375795676368036 0.013375795676368036 0.253920909621894 0.3591283527729569
73 511 0.013937080527740618 0.38203957901429075 0.012656485758741962 0.012656485758741962 0.2385112372201765 0.38203957901429075
74 518 0.015390010425721214 0.3757085768820922 0.014378915895714033 0.014378915895714033 0.2568979222035293 0.3757085768820922
75 525 0.015486565418544406 0.33510753635734986 0.01636575528790948 0.01636575528790948 0.24683882256318926 0.33510753635734986
76 532 0.016288015859150132 0.26967550664430234 0.017832668116737956 0.017832668116737956 0.25348978241314285 0.26967550664430234
77 539 0.016289500302616198 0.298708701133715 0.015966064086316102 0.015966064086316102 0.24317388948284607 0.298708701133715
78 546 0.016722414277267915 0.26818537892226424 0.0171932178688012 0.0171932178688012 0.23175146294529306 0.26818537892226424
79 553 0.019503766774386283 0.26280355911584874 0.01649879497559358 0.01649879497559358 0.2492658746963213 0.26280355911584874
80 560 0.018342435824341773 0.32316504098234217 0.015699639625794945 0.015699639625794945 0.2111368601667852 0.32316504098234217
81 567 0.016205455449576314 0.2844287998912023 0.014648237250952026 0.014648237250952026 0.20788784665602306 0.2844287998912023
82 574 0.015418084699872086 0.27108896536415283 0.014829060533701517 0.014829060533701517 0.18950876689132926 0.27108896536415283
83 581 0.014403419829383118 0.2764440258162748 0.014342174190723677 0.014342174190723677 0.1711824403976979 0.2764440258162748
84 588 0.01337391296712843 0.28032995587261744 0.013183160961690012 0.013183160961690012 0.15898529163234962 0.28032995587261744
85 595 0.013592893226893998 0.2729656062662286 0.012522576642482757 0.012522576642482757 0.15122861496351164 0.2729656062662286
86 602 0.012717950134899096 0.23814287648390403 0.012444294438793743 0.012444294438793743 0.15973656918884285 0.23814287648390403
87 609 0.01000809660489284 0.18491453469814248 0.013151496886477276 0.013151496886477276 0.1705372134890479 0.18491453469814248
88 616 0.009490439681288897 0.17410451449143313 0.012329868574450814 0.012329868574450814 0.15009192397882257 0.17410451449143313
89 623 0.008564826076393086 0.16275877117419457 0.011887474942910602 0.011887474942910602 0.1470415814098551 0.16275877117419457
90 630 0.00915921537886987 0.16341942590038647 0.009933345923452226 0.009933345923452226 0.1422606498397478 0.16341942590038647
91 637 0.008742894004588638 0.17398336847259 0.009271270657455128 0.009271270657455128 0.15129904115806841 0.17398336847259
92 644 0.00985838600323457 0.17112052471189776 0.00959450125499609 0.00959450125499609 0.13173971390362393 0.17112052471189776
93 651 0.01223500311048455 0.18938133921881894 0.009386319496620069 0.009386319496620069 0.12489178373055644 0.18938133921881894
94 658 0.01845925179697208 0.18644796167799413 0.011744446012193314 0.011744446012193314 0.11553681753347836 0.18644796167799413
95 665 0.017769564021241174 0.19379854662196824 0.012256123249476628 0.012256123249476628 0.11800005912772811 0.19379854662196824
96 672 0.016269573509601693 0.17481346223721994 0.012276382299890632 0.012276382299890632 0.12850720715038694 0.17481346223721994
97 679 0.013927688446729635 0.15918842896156785 0.012250398576003917 0.012250398576003917 0.12383249414266344 0.15918842896156785
98 686 0.016759353893831982 0.1497236158876063 0.010608989595266273 0.010608989595266273 0.12758317144760803 0.1497236158876063
99 693 0.017826489159591487 0.17256419333480608 0.009709450656575795 0.009709450656575795 0.1405185269236815 0.17256419333480608
100 700 0.014418698924699182 0.16706703088992686 0.009499581537018974 0.009499581537018974 0.1277341860669236 0.16706703088992686
101 707 0.012710833317221401 0.14115285841602515 0.0093516788062177 0.0093516788062177 0.12439095648027824 0.14115285841602515
102 714 0.011768589787060949 0.13632086549066955 0.009526271915675708 0.009526271915675708 0.1083083246786769 0.13632086549066955
103 721 0.011520974931898492 0.1285241919425977 0.009392964110019731 0.009392964110019731 0.11095708802872166 0.1285241919425977
104 728 0.010919420559496665 0.12736320607768625 0.008515814692490183 0.008515814692490183 0.10957332381981905 0.12736320607768625
105 735 0.009768539977037121 0.1324131266190096 0.007235722128715683 0.007235722128715683 0.11055375578638642 0.1324131266190096
106 742 0.009690903172678594 0.12007419718859334 0.0072735605723620676 0.0072735605723620676 0.10106273204168488 0.12007419718859334
107 749 0.011236354322056141 0.11527819206873795 0.007312621452064109 0.007312621452064109 0.09848910666836597 0.11527819206873795
108 756 0.011106526352359137 0.12863267597645295 0.006150495430024592 0.006150495430024592 0.10605021837482993 0.12863267597645295
109 763 0.011795368865841949 0.12770480505372608 0.005845903892389578 0.005845903892389578 0.1027513574926177 0.12770480505372608
110 770 0.011186714543099979 0.13500762498282762 0.005282226832219627 0.005282226832219627 0.10157260176187766 0.13500762498282762
111 777 0.01141721063828054 0.13093598942291693 0.004876644608258603 0.004876644608258603 0.09837899003064052 0.13093598942291693
112 784 0.010786798276926163 0.12178210043301649 0.005330058946052824 0.005330058946052824 0.10126345957962171 0.12178210043301649
113 791 0.009919048052954405 0.1261683594445086 0.004783485296272095 0.004783485296272095 0.09827161416415037 0.1261683594445086
114 798 0.010341312633696854 0.11991910743771152 0.0038723470547963527 0.0038723470547963527 0.11030961063583988 0.11991910743771152
115 805 0.010095177920688965 0.12369378390461931 0.003280664847261317 0.003280664847261317 0.11730063766713077 0.12369378390461931
116 812 0.011503713978403376 0.1251373583071478 0.003335140845517867 0.003335140845517867 0.10548813611908651 0.1251373583071478
117 819 0.013072299823399506 0.13841848361138834 0.003951303517050357 0.003951303517050357 0.09866629531582383 0.13841848361138834
118 826 0.0147779121259633 0.13406938668413315 0.003992712462747002 0.003992712462747002 0.1009449855820928 0.13406938668413315
119 833 0.013305158876373438 0.14736506732677515 0.003983009303555236 0.003983009303555236 0.10290570774880776 0.14736506732677515
120 840 0.014487504030966433 0.13331612225992684 0.003854519838886982 0.003854519838886982 0.10202923976721509 0.13331612225992684
121 847 0.01683518107409689 0.1288796533798872 0.004463774814682059 0.004463774814682059 0.0910463855930099 0.1288796533798872
122 854 0.0164201932339695 0.13506798496438063 0.0043935550015260895 0.0043935550015260895 0.09144146999896231 0.13506798496438063
123 861 0.022195747981270296 0.12273394230480247 0.004956753634591924 0.004956753634591924 0.09190763057421755 0.12273394230480247
124 868 0.029419642416797474 0.12527221886894568 0.00503754982586839 0.00503754982586839 0.09158756939093557 0.12527221886894568
125 875 0.03682754532600596 0.12043125159011478 0.00511390238135282 0.00511390238135282 0.10304144863493322 0.12043125159011478
126 882 0.03021482725010414 0.13198584081404108 0.0049284121183697325 0.0049284121183697325 0.10251880497671885 0.13198584081404108
127 889 0.03273099422292826 0.11152350720356824 0.004707265630161348 0.004707265630161348 0.11048913669821347 0.11152350720356824
128 896 0.029645358210597102 0.1321739164804125 0.004721004595376078 0.004721004595376078 0.10371282859242269 0.1321739164804125
129 903 0.026536837419002327 0.11969856862309194 0.0045145682631538425 0.0045145682631538425 0.10972134420503497 0.11969856862309194
130 910 0.026642409968437367 0.11658398049176574 0.0046031508158769635 0.0046031508158769635 0.09491471225016342 0.11658398049176574
131 917 0.029269873135428223 0.11354870551922701 0.004391122547610019 0.004391122547610019 0.09576356163027258 0.11354870551922701
132 924 0.027845118685948526 0.11746416668983632 0.003954502519538305 0.003954502519538305 0.11031466711168887 0.11746416668983632
133 931 0.02566346505520582 0.11762005117905767 0.004039550548078764 0.004039550548078764 0.09588357352656511 0.11762005117905767
134 938 0.02924684953585989 0.10456587012145682 0.004084116799006486 0.004084116799006486 0.09165632627161922 0.10456587012145682
135 945 0.024308294267307698 0.12448753984375188 0.003438148603689539 0.003438148603689539 0.09126663420240261 0.12448753984375188
136 952 0.019938492322230113 0.11203309065035684 0.003505665827880655 0.003505665827880655 0.08273613115072959 0.11203309065035684
137 959 0.017593837599493962 0.10431355543413186 0.0033078508269891553 0.0033078508269891553 0.08067482587996182 0.10431355543413186
138 966 0.017514916811251256 0.10014906694669215 0.0030719130817437016 0.0030719130817437016 0.08232754956958525 0.10014906694669215
139 973 0.01597038021733756 0.09706176333166641 0.0026584533231272223 0.0026584533231272223 0.085957483483953 0.09706176333166641
140 980 0.014701443172719991 0.10056711476224488 0.0021634381818153546 0.0021634381818153546 0.08447641610767725 0.10056711476224488
141 987 0.016821232670121165 0.09826476751313062 0.0018705501549156295 0.0018705501549156295 0.08348679722485078 0.09826476751313062
142 994 0.017985443339296085 0.12364390387951545 0.001528644884367247 0.001528644884367247 0.08179500231382915 0.12364390387951545
143 1001 0.014129190791455078 0.1255817590710325 0.0017016862710172533 0.0017016862710172533 0.07306966436370334 0.1255817590710325
144 1008 0.014708903562736391 0.1240587946280855 0.0014888024966599387 0.0014888024966599387 0.06957445637357691 0.1240587946280855
145 1015 0.012253859243627992 0.11944732366939619 0.0016982193381467473 0.0016982193381467473 0.06934080108859891 0.11944732366939619
146 1022 0.01501046865343536 0.10508716017747577 0.001625992359038918 0.001625992359038918 0.06682830157372094 0.10508716017747577
147 1029 0.01192745656630904 0.12435315301858925 0.001406564450226301 0.001406564450226301 0.0780170039656981 0.12435315301858925
148 1036 0.014638771398692697 0.10661732757044817 0.0013910772738679779 0.0013910772738679779 0.0767243089733561 0.10661732757044817
149 1043 0.015543225878308977 0.12929440266560668 0.0014800922667710273 0.0014800922667710273 0.062362547510748066 0.12929440266560668
150 1050 0.01423326891209919 0.12157053433181626 0.001474859007104537 0.001474859007104537 0.06353851137552673 0.12157053433181626
151 1057 0.013623183204932174 0.11003573780241142 0.0013937731387845258 0.0013937731387845258 0.06597796269729893 0.11003573780241142
152 1064 0.01602200475573725 0.11655962316812839 0.0013983929447013695 0.0013983929447013695 0.056848449435773454 0.11655962316812839
153 1071 0.02234710721652759 0.11854680616016602 0.0015038653870880555 0.0015038653870880555 0.05728009700626579 0.11854680616016602
154 1078 0.0277862490292007 0.12081324345630505 0.0014882146090348376 0.0014882146090348376 0.05979284801912666 0.12081324345630505
155 1085 0.02624546911861926 0.19544479978118162 0.0014064278906796349 0.0014064278906796349 0.05059384438178747 0.19544479978118162
156 1092 0.02327591010087337 0.21740144647839504 0.0013083645355231462 0.0013083645355231462 0.04891065358865702 0.21740144647839504
157 1099 0.02535454311674416 0.20411512410484267 0.0011457320650415598 0.0011457320650415598 0.051609017682246745 0.20411512410484267
158 1106 0.023728120426568976 0.19096693451023855 0.0012501148336461737 0.0012501148336461737 0.054604540584121126 0.19096693451023855
159 1113 0.024852507732067385 0.18928577002905564 0.0011364329146424576 0.0011364329146424576 0.05286736821870734 0.18928577002905564
160 1120 0.025842241039451406 0.19670335006675171 0.0010489809602433266 0.0010489809602433266 0.05403476037331844 0.19670335006675171
161 1127 0.025367749477742854 0.20365370907831634 0.000985263267840589 0.000985263267840589 0.05361991326087371 0.20365370907831634
162 1134 0.027932059409041077 0.18462566353943 0.0009548607330497364 0.0009548607330497364 0.055682670783325804 0.18462566353943
163 1141 0.03244553186827163 0.1689180193424016 0.0010593111425132066 0.0010593111425132066 0.055166129873963236 0.1689180193424016
164 1148 0.031931229869150764 0.1462230713418027 0.0011815576643126545 0.0011815576643126545 0.05767531696916816 0.1462230713418027
165 1155 0.030049634982115332 0.14325115720679762 0.0010901421270914633 0.0010901421270914633 0.05746272265244114 0.14325115720679762
166 1162 0.03290856976045847 0.14271599786847003 0.0009174787567911355 0.0009174787567911355 0.05938181375619322 0.14271599786847003
167 1169 0.03131157350261354 0.15728804511560038 0.0008336529530352935 0.0008336529530352935 0.060277520587221994 0.15728804511560038
168 1176 0.033066995937842784 0.15669747064093337 0.0007068958922342816 0.0007068958922342816 0.059665051835873194 0.15669747064093337
169 1183 0.04090141088325586 0.14060270074356837 0.0006707529673372004 0.0006707529673372004 0.06962557932545214 0.14060270074356837
170 1190 0.04218462439697894 0.12825653481970867 0.0007267030171208472 0.0007267030171208472 0.07474390597716145 0.12825653481970867
171 1197 0.055245929230762464 0.12599098460505165 0.0007858905153113973 0.0007858905153113973 0.06363429359442567 0.12599098460505165
172 1204 0.06583936731461405 0.13205030958532352 0.0008636262720642168 0.0008636262720642168 0.06835116243484504 0.13205030958532352
173 1211 0.05423797528815111 0.11989351494156908 0.0008920025237044661 0.0008920025237044661 0.0702854028327202 0.11989351494156908
174 1218 0.0627954813673483 0.11242291221861297 0.000802359016939772 0.000802359016939772 0.07008835494371501 0.11242291221861297
175 1225 0.08502555128070782 0.15422581031923646 0.0007172617765787542 0.0007172617765787542 0.06091907660032842 0.15422581031923646
176 1232 0.11759255048237643 0.1505902128456697 0.0006753906246262701 0.0006753906246262701 0.06777830581760352 0.1505902128456697
177 1239 0.1471562366899174 0.1508664188130654 0.0007294811542273405 0.0007294811542273405 0.0624708800438469 0.1508664188130654
178 1246 0.14760599023487012 0.13819701059018727 0.0007750776689771852 0.0007750776689771852 0.05680660459243489 0.13819701059018727
179 1253 0.13264727986865948 0.12866734038883196 0.0008728313285330377 0.0008728313285330377 0.055086211124415425 0.12866734038883196
180 1260 0.1272465545784149 0.1227256355524048 0.0008552240714152409 0.0008552240714152409 0.05482250033166366 0.1227256355524048
181 1267 0.14223366584673883 0.1145028412370746 0.0008235772423705591 0.0008235772423705591 0.05438224293717629 0.1145028412370746
182 1274 0.15477415299066766 0.12659174155915748 0.0007075361884971978 0.0007075361884971978 0.059307706038058405 0.12659174155915748
183 1281 0.14729348326927505 0.14829338920978677 0.000695502143911524 0.000695502143911524 0.048236721521278184 0.14829338920978677
184 1288 0.12134594503033211 0.14516522525256947 0.0006362706451837994 0.0006362706451837994 0.05066726228941864 0.14516522525256947
185 1295 0.13480834578935708 0.13332886817464537 0.0006511798473349093 0.0006511798473349093 0.04603664667635971 0.13332886817464537
186 1302 0.13038072820800706 0.14636058202587374 0.0006072704213098372 0.0006072704213098372 0.05054967265734553 0.14636058202587374
187 1309 0.11344025092064056 0.15876853673280567 0.0005785376071543985 0.0005785376071543985 0.04693154475262758 0.15876853673280567
188 1316 0.08975085652075163 0.15822029532775972 0.0005561540613131374 0.0005561540613131374 0.040803223157324556 0.15822029532775972
189 1323 0.09799760510265924 0.16017356923403597 0.000493157059207942 0.000493157059207942 0.03742504408399863 0.16017356923403597
190 1330 0.09782977494568033 0.1805173225655312 0.0005114493798444826 0.0005114493798444826 0.03366261717707068 0.1805173225655312
191 1337 0.09128383600054225 0.19558251525902628 0.00043049633639181853 0.00043049633639181853 0.03216370312761635 0.19558251525902628
192 1344 0.09371423813151865 0.17713215962349033 0.0004053077571995046 0.0004053077571995046 0.03068154418428241 0.17713215962349033
193 1351 0.12116122905328819 0.19889166875512418 0.000363164132462842 0.000363164132462842 0.02760982371875165 0.19889166875512418
194 1358 0.10987091785289922 0.2549177914898487 0.0003538987263044454 0.0003538987263044454 0.025078084734329313 0.2549177914898487
195 1365 0.13012366699657404 0.23106359843100363 0.000350640268199291 0.000350640268199291 0.02571668063417539 0.23106359843100363
196 1372 0.163925861198658 0.25432815987743485 0.0003601714500370083 0.0003601714500370083 0.023113573633833203 0.25432815987743485
197 1379 0.1805019622669494 0.25320698423173604 0.000337530798627855 0.000337530798627855 0.02760198211373138 0.25320698423173604
198 1386 0.24807114416237055 0.24609193809323512 0.00029910312119652905 0.00029910312119652905 0.02919236325564319 0.24609193809323512
199 1393 0.3814562501034921 0.2553037161059471 0.0003138314137163481 0.0003138314137163481 0.02985925859871167 0.2553037161059471
200 1400 0.4714201805336239 0.28528036283049124 0.0003352743238928101 0.0003352743238928101 0.02558804872836378 0.28528036283049124
201 1407 0.4200207276652866 0.2423343152270173 0.00034010972951789814 0.00034010972951789814 0.026051644698428862 0.2423343152270173
202 1414 0.34912234791072405 0.21647998358312698 0.0003482663239289131 0.0003482663239289131 0.02646261854887291 0.21647998358312698
203 1421 0.36657061056214557 0.19835949200539676 0.0003571162948178718 0.0003571162948178718 0.02434110553158477 0.19835949200539676
204 1428 0.4504940706585799 0.20989222229566576 0.0003266885604548241 0.0003266885604548241 0.023837854952454992 0.20989222229566576
205 1435 0.5104472552613878 0.22348043056652261 0.00038472636563181877 0.00038472636563181877 0.02161849401595912 0.22348043056652261
206 1442 0.5633233409669746 0.24390609386766463 0.00037840428951834765 0.00037840428951834765 0.021569922317561007 0.24390609386766463
207 1449 0.7290748562015343 0.2688147406015915 0.00038333449625129335 0.00038333449625129335 0.02010069737009822 0.2688147406015915
208 1456 0.6372996348217637 0.28753945973523454 0.0004074495656007893 0.0004074495656007893 0.019185715965494038 0.28753945973523454
209 1463 0.7508464194729468 0.28073574610729335 0.00038143434304848745 0.00038143434304848745 0.016208616604776453 0.28073574610729335
210 1470 0.6765345840093714 0.28125391097886226 0.0003433863477180158 0.0003433863477180158 0.019738164603043253 0.28125391097886226
211 1477 0.6815712688915847 0.28147403604330906 0.00031502196453360513 0.00031502196453360513 0.02039264552142407 0.28147403604330906
212 1484 0.6144856197064236 0.29381534228626865 0.0003216901616445261 0.0003216901616445261 0.019479187160108612 0.29381534228626865
213 1491 0.7813568628894716 0.2889670785301322 0.0003110929005463594 0.0003110929005463594 0.017444660876814337 0.2889670785301322
214 1498 0.6598752850152865 0.33162490738333544 0.0003004132226840529 0.0003004132226840529 0.019180236068534244 0.33162490738333544
215 1505 0.5519934585674138 0.29624170980317466 0.0002885921507189897 0.0002885921507189897 0.01806566702776826 0.29624170980317466
216 1512 0.5432827368094972 0.27296753710393423 0.00026135862311633284 0.00026135862311633284 0.01809758872259883 0.27296753710393423
217 1519 0.5294701421695066 0.258990130392645 0.000251225997422383 0.000251225997422383 0.01814079736818449 0.258990130392645
218 1526 0.6103282815766673 0.2449156136567 0.00026922602076884445 0.00026922602076884445 0.016607171959360515 0.2449156136567
219 1533 0.6396084992724291 0.2537582922537713 0.00027181262634040155 0.00027181262634040155 0.017243046067284353 0.2537582922537713
220 1540 0.9127210043175573 0.27252321940695107 0.00031029122106382493 0.00031029122106382493 0.014703294385251316 0.27252321940695107
221 1547 0.9907556602152056 0.2919732893503841 0.0003084046414414226 0.0003084046414414226 0.014163505820091495 0.2919732893503841
222 1554 0.7958509719511939 0.24583817195895466 0.0003138337927288904 0.0003138337927288904 0.01306933649147598 0.24583817195895466
223 1561 0.7526637955892623 0.2577965998137561 0.00029581831499135575 0.00029581831499135575 0.011540716202871268 0.2577965998137561
224 1568 0.6901564368012485 0.2614608787525814 0.0002877273361728792 0.0002877273361728792 0.011243202905186841 0.2614608787525814
225 1575 0.6295470711801716 0.2284100448409074 0.00028706260134188675 0.00028706260134188675 0.011339573960344766 0.2284100448409074
226 1582 0.5996322682946342 0.2247267355421599 0.0002803082059867466 0.0002803082059867466 0.011330035725405595 0.2247267355421599
227 1589 0.5356360471208754 0.18030934705124405 0.00027349232515668783 0.00027349232515668783 0.012352351613760587 0.18030934705124405
228 1596 0.4927211295747037 0.18584851522919518 0.00024350411786365798 0.00024350411786365798 0.01151561606467621 0.18584851522919518
229 1603 0.5075737056787005 0.18421566342437598 0.00022185372885454987 0.00022185372885454987 0.011196904917874626 0.18421566342437598
230 1610 0.4069754756440184 0.16529230525832164 0.000220343397281994 0.000220343397281994 0.011853769783459494 0.16529230525832164
231 1617 0.36708064496899734 0.1648971345037956 0.00021294016337949822 0.00021294016337949822 0.011099976463455745 0.1648971345037956
232 1624 0.3573594097106097 0.1644911871416163 0.00018190915558952345 0.00018190915558952345 0.01110122064827142 0.1644911871416163
233 1631 0.37651443036347404 0.15508907416821965 0.00019066317345928398 0.00019066317345928398 0.00999197104722832 0.15508907416821965
234 1638 0.304359343641977 0.15249654885204075 0.00017901308904893796 0.00017901308904893796 0.010451741385890837 0.15249654885204075
235 1645 0.40994219751784056 0.1496214794786435 0.00016173386833502693 0.00016173386833502693 0.009451974397326656 0.1496214794786435
236 1652 0.46473065294953136 0.15051946076711548 0.0001884331456830898 0.0001884331456830898 0.009968748863095407 0.15051946076711548
237 1659 0.46704308332592137 0.13577040729753756 0.00019595862328982997 0.00019595862328982997 0.009611799303010194 0.13577040729753756
238 1666 0.3706668518122968 0.12366591896662979 0.00018167757284849064 0.00018167757284849064 0.01010739628860261 0.12366591896662979
239 1673 0.4073291061673489 0.10995571780707612 0.00017586705229153828 0.00017586705229153828 0.00941190251254887 0.10995571780707612
240 1680 0.3736305238271432 0.11719984855027869 0.00015037743933107376 0.00015037743933107376 0.010200432389639861 0.11719984855027869
241 1687 0.29281265045258814 0.1237322161545318 0.00014791057538273442 0.00014791057538273442 0.009866278425319005 0.1237322161545318
242 1694 0.330948548109461 0.11628545858573985 0.0001300959255716674 0.0001300959255716674 0.009454387843283382 0.11628545858573985
243 1701 0.3956585140229339 0.12173326605731265 0.00013630971034867638 0.00013630971034867638 0.009766546689290532 0.12173326605731265
244 1708 0.49722186599949114 0.12780566191227635 0.00012755651121273146 0.00012755651121273146 0.011877318255134516 0.12780566191227635
245 1715 0.48125033325066674 0.12653598667693075 0.0001550732823587484 0.0001550732823587484 0.01107133692850399 0.12653598667693075
246 1722 0.4841985040630772 0.11983339887056903 0.00015511645570959914 0.00015511645570959914 0.009797953882104986 0.11983339887056903
247 1729 0.6317308728038548 0.12382501892994713 0.0001367133955914431 0.0001367133955914431 0.010106126644903507 0.12382501892994713
248 1736 0.701349943234533 0.1142836410935141 0.00014922420673219275 0.00014922420673219275 0.012033413057355835 0.1142836410935141
249 1743 0.5849133092903598 0.10419961797326892 0.00014450984434159232 0.00014450984434159232 0.01308580642901732 0.10419961797326892
250 1750 0.4714240971509618 0.08733900971428929 0.00015497848919964589 0.00015497848919964589 0.01245586761554988 0.08733900971428929
251 1757 0.5878988305632088 0.07817030806556756 0.00016007702996349675 0.00016007702996349675 0.011353276352000233 0.07817030806556756
252 1764 0.5429015797455694 0.07130819011472601 0.0001516345583410368 0.0001516345583410368 0.015378701683627163 0.07130819011472601
253 1771 0.5655927910420113 0.0621842500171454 0.0001570404830872381 0.0001570404830872381 0.013936505002724893 0.0621842500171454
254 1778 0.541647305687396 0.06356733501021401 0.0001415907691322913 0.0001415907691322913 0.013429914576940434 0.06356733501021401
255 1785 0.6927539911709061 0.05497947181127169 0.0001450895332000256 0.0001450895332000256 0.012624677990485014 0.05497947181127169
256 1792 0.7178361352658476 0.05501535599109004 0.00016340483795921333 0.00016340483795921333 0.012467440592006118 0.05501535599109004
257 1799 0.8400571996781946 0.05185551050841626 0.00015444200211978413 0.00015444200211978413 0.012160774824858193 0.05185551050841626
258 1806 0.8873430323167618 0.05055151534895867 0.00015621358383701876 0.00015621358383701876 0.013062675695116058 0.05055151534895867
259 1813 0.7654204140435988 0.048659428384109533 0.00016466133719041196 0.00016466133719041196 0.013849489228178337 0.048659428384109533
260 1820 0.7413755962387941 0.046904005451675855 0.00014538932053966493 0.00014538932053966493 0.013099476100210316 0.046904005451675855
261 1827 0.5507319551178367 0.04660927737819711 0.00014220232855729467 0.00014220232855729467 0.013189086600624957 0.04660927737819711
262 1834 0.521811792751686 0.04571176837279644 0.0001334617072697065 0.0001334617072697065 0.011471872600931908 0.04571176837279644
263 1841 0.617908224951259 0.04677145701731714 0.00012573162626301534 0.00012573162626301534 0.010902616192234933 0.04677145701731714
264 1848 0.6828549976758942 0.04898387028870182 0.00013276690114801223 0.00013276690114801223 0.010673482848671671 0.04898387028870182
265 1855 0.6145498992005419 0.048031386022485675 0.00012658585450443487 0.00012658585450443487 0.010427810546580998 0.048031386022485675
266 1862 0.5106373640287936 0.04322178653822692 0.00011938472828072217 0.00011938472828072217 0.010098156915529994 0.04322178653822692
267 1869 0.5363995198726799 0.03585681635838697 0.00011842456810240345 0.00011842456810240345 0.010001967525397297 0.03585681635838697
268 1876 0.5159539146577491 0.041604864515635845 0.0001077609271005503 0.0001077609271005503 0.009245720386905439 0.041604864515635845
269 1883 0.7816932080490522 0.03808626569045103 0.00010912536122414104 0.00010912536122414104 0.008840708471897862 0.03808626569045103
270 1890 0.8512188737244923 0.04140685991016906 0.00011369721015592656 0.00011369721015592656 0.008569706845856229 0.04140685991016906
271 1897 0.7507641159003858 0.03664632952015466 0.0001172301221988065 0.0001172301221988065 0.007743213620952496 0.03664632952015466
272 1904 0.689208604548817 0.031935873109469395 0.00011587690463063533 0.00011587690463063533 0.007268675654677139 0.031935873109469395
273 1911 0.546592641977569 0.030535728271068582 9.624190172227667e-05 9.624190172227667e-05 0.007244260299667309 0.030535728271068582
274 1918 0.4706818223660773 0.026625076054227998 9.908869068839015e-05 9.908869068839015e-05 0.006856567291167881 0.026625076054227998
275 1925 0.4920499091434438 0.024925756480862604 9.282638574882421e-05 9.282638574882421e-05 0.006595406814518447 0.024925756480862604
276 1932 0.41573284965178453 0.025846998157183197 9.021456905239844e-05 9.021456905239844e-05 0.006409014112242753 0.025846998157183197
277 1939 0.4118688065684614 0.026372174042777786 7.34193982559332e-05 7.34193982559332e-05 0.0065836842224970184 0.026372174042777786
278 1946 0.4682169513224349 0.02705333838498738 7.294725114881075e-05 7.294725114881075e-05 0.006285439455506584 0.02705333838498738
279 1953 0.4242380460177414 0.02264149905100131 7.116233470681109e-05 7.116233470681109e-05 0.007677053514253829 0.02264149905100131
280 1960 0.42874062501652943 0.020145535043457747 7.090770976581538e-05 7.090770976581538e-05 0.007262634317997824 0.020145535043457747
281 1967 0.43499952429113986 0.01983763625308827 6.53781075715218e-05 6.53781075715218e-05 0.007258804252664137 0.01983763625308827
282 1974 0.4606106043020009 0.019148354327189396 6.441992706563092e-05 6.441992706563092e-05 0.00742456784013134 0.019148354327189396
283 1981 0.35582099527075756 0.017190400379746694 6.675430634028242e-05 6.675430634028242e-05 0.00755486135197835 0.017190400379746694
284 1988 0.28913065796982934 0.015320315923164582 6.301879828596928e-05 6.301879828596928e-05 0.0076591745458331585 0.015320315923164582
285 1995 0.2911585317549225 0.015345451442645697 5.699837944318554e-05 5.699837944318554e-05 0.00711524206084876 0.015345451442645697
286 2002 0.32852253861274516 0.016105780802475544 5.4254483533767116e-05 5.4254483533767116e-05 0.00705065106969992 0.016105780802475544
287 2009 0.36354597097737923 0.01511517342881895 6.187335345385654e-05 6.187335345385654e-05 0.006917120770563456 0.01511517342881895
288 2016 0.2963688563817768 0.017586405975890184 5.9712610799312496e-05 5.9712610799312496e-05 0.006651990464071479 0.017586405975890184
289 2023 0.26458437900554016 0.015559148956737327 5.9594946540541414e-05 5.9594946540541414e-05 0.006297606887871499 0.015559148956737327
290 2030 0.2569332796924481 0.013519592671047964 5.6573825296677375e-05 5.6573825296677375e-05 0.006293474267731892 0.013519592671047964
291 2037 0.24335971324260522 0.012996512810321156 5.6194417063260295e-05 5.6194417063260295e-05 0.006262358357539831 0.012996512810321156
292 2044 0.29752521862334314 0.012434092357080614 5.64833954072581e-05 5.64833954072581e-05 0.005873173454395323 0.012434092357080614
293 2051 0.3460638139803328 0.011028688033746731 6.282586296137717e-05 6.282586296137717e-05 0.006571943568732643 0.011028688033746731
294 2058 0.3115330886637325 0.01246314552195273 5.8701077201710464e-05 5.8701077201710464e-05 0.006337817912439081 0.01246314552195273
295 2065 0.3556580653717427 0.012684418832040663 5.360687048265446e-05 5.360687048265446e-05 0.0059092531636489014 0.012684418832040663
296 2072 0.3827770559728579 0.012441508223365292 5.8747809799190044e-05 5.8747809799190044e-05 0.005743504122993993 0.012441508223365292
297 2079 0.37868025031469515 0.012384102106889882 5.5355253564259875e-05 5.5355253564259875e-05 0.005785683477387931 0.012384102106889882
298 2086 0.3107775570798071 0.01265202158483725 5.206837697496733e-05 5.206837697496733e-05 0.005416205740656492 0.01265202158483725
299 2093 0.2609881738683609 0.011274556260252531 4.9899135822763285e-05 4.9899135822763285e-05 0.005209258048867649 0.011274556260252531
300 2100 0.22539461327322113 0.009897982076919535 4.9582203348461896e-05 4.9582203348461896e-05 0.0048007798575763275 0.009897982076919535
301 2107 0.19158366310943425 0.008156593201746597 4.930082347256692e-05 4.930082347256692e-05 0.0046823259104096845 0.008156593201746597
302 2114 0.17293355966007126 0.008423369176840173 4.18009306860425e-05 4.18009306860425e-05 0.0044447725446105915 0.008423369176840173
303 2121 0.17654645611101197 0.008293304785162464 4.220664993936232e-05 4.220664993936232e-05 0.003958694307316364 0.008293304785162464
304 2128 0.18282755794485067 0.00890983985040898 3.813896374075045e-05 3.813896374075045e-05 0.0038056788001339693 0.00890983985040898
305 2135 0.1814961738031608 0.009437438014961145 3.612127889344415e-05 3.612127889344415e-05 0.0034722016775763373 0.009437438014961145
306 2142 0.18526198063084426 0.00903497147180955 3.889189730487758e-05 3.889189730487758e-05 0.0032663892095325165 0.00903497147180955
307 2149 0.2489604041082779 0.009350385400063966 3.9294430933836196e-05 3.9294430933836196e-05 0.00280363786266062 0.009350385400063966
308 2156 0.2915133217380805 0.008319623152798205 5.517878476775769e-05 5.517878476775769e-05 0.0027626368728975626 0.008319623152798205
309 2163 0.29330473823367836 0.007603051791369738 5.92606100765589e-05 5.92606100765589e-05 0.0027979806302306067 0.007603051791369738
310 2170 0.2447574919008992 0.007293193535293195 5.978616128330442e-05 5.978616128330442e-05 0.0029337432666662177 0.007293193535293195
311 2177 0.2855506644090793 0.007728495712009935 5.64896867683526e-05 5.64896867683526e-05 0.00248784746684848 0.007728495712009935
312 2184 0.23223877897112336 0.009448459260173474 5.2548655218835086e-05 5.2548655218835086e-05 0.0023821855417138784 0.009448459260173474
313 2191 0.24046086869480987 0.008417349563006502 5.124719034557377e-05 5.124719034557377e-05 0.002354121779360042 0.008417349563006502
314 2198 0.2843712744779211 0.007990762883387995 4.818992023842672e-05 4.818992023842672e-05 0.0027647086678443907 0.007990762883387995
315 2205 0.2509389409059022 0.009541807630237636 4.985149658671272e-05 4.985149658671272e-05 0.0024487644421540902 0.009541807630237636
316 2212 0.2208419890686949 0.008997760399213819 4.972563107052031e-05 4.972563107052031e-05 0.0022577131023527146 0.008997760399213819
317 2219 0.2083812388443622 0.008827148045272949 4.427403123187551e-05 4.427403123187551e-05 0.0023339448084716396 0.008827148045272949
318 2226 0.22901416480750014 0.008765486473768196 4.7064623008232015e-05 4.7064623008232015e-05 0.0021751281364958503 0.008765486473768196
319 2233 0.33551112946864803 0.008928087830401311 4.9032110099278795e-05 4.9032110099278795e-05 0.002304917020410662 0.008928087830401311
320 2240 0.42173882816659847 0.008878448882660867 5.030038995857248e-05 5.030038995857248e-05 0.002292311769811474 0.008878448882660867
321 2247 0.4565429967004452 0.009258582653600123 4.384897537193648e-05 4.384897537193648e-05 0.00231611902043731 0.009258582653600123
322 2254 0.4251961766328107 0.00923258497103433 3.9412340802862556e-05 3.9412340802862556e-05 0.0023843881411308022 0.00923258497103433
323 2261 0.4495411407809189 0.00861199093287182 3.5352036556231495e-05 3.5352036556231495e-05 0.0023206151543089643 0.00861199093287182
324 2268 0.4592474115760389 0.00792042485313904 3.208285887695245e-05 3.208285887695245e-05 0.00253230897082563 0.00792042485313904
325 2275 0.40214711867932607 0.008287578467818102 3.168498339298222e-05 3.168498339298222e-05 0.0022817103265201973 0.008287578467818102
326 2282 0.3819968319220999 0.007431844407612054 2.9538966016594046e-05 2.9538966016594046e-05 0.0022030044939598003 0.007431844407612054
327 2289 0.3979272836874897 0.007610501017766028 2.8595389851885115e-05 2.8595389851885115e-05 0.0019815916517688737 0.007610501017766028
328 2296 0.48081414461387295 0.007100716730423027 2.8619686918962766e-05 2.8619686918962766e-05 0.0021049116087254603 0.007100716730423027
329 2303 0.517822967098015 0.009207951759958425 2.5133262784221346e-05 2.5133262784221346e-05 0.0019442246215346033 0.009207951759958425
330 2310 0.720604137055068 0.008973849116307173 2.4397688178315427e-05 2.4397688178315427e-05 0.0019341131100927174 0.008973849116307173
331 2317 0.6682708761435264 0.010102077329592335 2.3663009074401316e-05 2.3663009074401316e-05 0.0019508076775989818 0.010102077329592335
332 2324 0.5261511177650239 0.009680027033797708 2.2140394198000815e-05 2.2140394198000815e-05 0.0017503130280524372 0.009680027033797708
333 2331 0.448356483009278 0.009023587804346435 1.9758362194112474e-05 1.9758362194112474e-05 0.0016464592334613209 0.009023587804346435
334 2338 0.4736148526613564 0.008382504248966445 1.9012581373002874e-05 1.9012581373002874e-05 0.0015492978438075209 0.008382504248966445
335 2345 0.4622674446571107 0.008628187574021047 1.6664455630412765e-05 1.6664455630412765e-05 0.0016320167963155918 0.008628187574021047
336 2352 0.4738280300530037 0.00888154192324868 1.6359415675426887e-05 1.6359415675426887e-05 0.0015349853473749903 0.00888154192324868
337 2359 0.6383890866917797 0.008843401242950154 1.590739889730316e-05 1.590739889730316e-05 0.0014847300990960786 0.008843401242950154
338 2366 0.7092199901640626 0.012574717474165716 1.357175573404841e-05 1.357175573404841e-05 0.001470139238439418 0.012574717474165716
339 2373 0.7804740540508288 0.0150789550834165 1.2699731337027824e-05 1.2699731337027824e-05 0.001443512837445263 0.0150789550834165
340 2380 0.9708221057301886 0.014962496085206427 1.2304257048590563e-05 1.2304257048590563e-05 0.0014977176639897382 0.014962496085206427
341 2387 0.9757415246093234 0.017717825837857058 1.2036441068651681e-05 1.2036441068651681e-05 0.0012842656692698777 0.017717825837857058
342 2394 0.8003151943819313 0.01781311382266305 1.2517017593722847e-05 1.2517017593722847e-05 0.0010256783425478303 0.01781311382266305
343 2401 0.8894921580726903 0.017610778176887967 1.137175922647572e-05 1.137175922647572e-05 0.0009604819657010516 0.017610778176887967
344 2408 0.7764132369825901 0.016410746863473862 1.2535875300605696e-05 1.2535875300605696e-05 0.0009528646415659156 0.016410746863473862
345 2415 0.6266559451684787 0.01616541071645963 1.2703370440111795e-05 1.2703370440111795e-05 0.0009337323078084315 0.01616541071645963
346 2422 0.6629423130769384 0.013862432427031786 1.223169941482077e-05 1.223169941482077e-05 0.0008917662946520101 0.013862432427031786
347 2429 0.6514606282400247 0.01550947612780738 1.1343721315381222e-05 1.1343721315381222e-05 0.0008624813545133006 0.01550947612780738
348 2436 0.6814657152063142 0.015558873687928413 9.969736024207143e-06 9.969736024207143e-06 0.0009101233499590535 0.015558873687928413
349 2443 0.5739627487018931 0.01515853325920322 1.08074364570675e-05 1.08074364570675e-05 0.0008765225301043911 0.01515853325920322
350 2450 0.46766283744897225 0.013754829416187688 9.860310658679734e-06 9.860310658679734e-06 0.0008868098314563935 0.013754829416187688
351 2457 0.4393672745541168 0.012486295124746732 9.878054871022759e-06 9.878054871022759e-06 0.0007938348864597592 0.012486295124746732
352 2464 0.5601278177607156 0.011086043758354579 9.264230575974863e-06 9.264230575974863e-06 0.0008709981131094013 0.011086043758354579
353 2471 0.5337069870506193 0.010483915117873539 1.2067956664717305e-05 1.2067956664717305e-05 0.0008504681104207762 0.010483915117873539
354 2478 0.45678996080686585 0.00960137470541003 1.1321111973684984e-05 1.1321111973684984e-05 0.000835664908756611 0.00960137470541003
355 2485 0.35299995454926153 0.008183443397653135 1.0497541601789305e-05 1.0497541601789305e-05 0.0008313735359032702 0.008183443397653135
356 2492 0.3397823668367179 0.007024893970641467 1.0172992690217288e-05 1.0172992690217288e-05 0.0008023449256575897 0.007024893970641467
357 2499 0.3836078142377664 0.00773798670654281 9.010643922194247e-06 9.010643922194247e-06 0.0007456172171189726 0.00773798670654281
358 2506 0.4232659862539666 0.008699476331457652 9.73593569232935e-06 9.73593569232935e-06 0.0007176667556512395 0.008699476331457652
359 2513 0.35953900540492656 0.008216766657989327 9.668935518650358e-06 9.668935518650358e-06 0.000705880894607804 0.008216766657989327
360 2520 0.39135224856323486 0.007623217661599463 8.487015114932308e-06 8.487015114932308e-06 0.0007303143480902875 0.007623217661599463
361 2527 0.4692670499127031 0.0073938781447064755 8.071740505647547e-06 8.071740505647547e-06 0.0007790010893374626 0.0073938781447064755
362 2534 0.5818495849161427 0.0071002031360564155 8.005673899303902e-06 8.005673899303902e-06 0.0008546346751740601 0.0071002031360564155
363 2541 0.5461427555041275 0.007911255450029337 7.0431263056237555e-06 7.0431263056237555e-06 0.0009209562540285692 0.007911255450029337
364 2548 0.4862961263908464 0.007710597889130422 6.441769348448307e-06 6.441769348448307e-06 0.0009071912375842633 0.007710597889130422
365 2555 0.4705516067022965 0.0077134316935812365 5.7570862187953505e-06 5.7570862187953505e-06 0.0009962111306856638 0.0077134316935812365
366 2562 0.4783634367882233 0.007267188721679048 5.526490487133481e-06 5.526490487133481e-06 0.0009915506902664684 0.007267188721679048
367 2569 0.37879313047699575 0.006880499940106896 5.077709119944998e-06 5.077709119944998e-06 0.0010572732616470687 0.006880499940106896
368 2576 0.38018182240618115 0.0067730251482840875 4.9038052228676184e-06 4.9038052228676184e-06 0.0009237680257135812 0.0067730251482840875
369 2583 0.5326426250377242 0.0068344014318872555 4.979046906689649e-06 4.979046906689649e-06 0.0009090747294334508 0.0068344014318872555
370 2590 0.6648711264341909 0.006609957512771552 5.054304158338823e-06 5.054304158338823e-06 0.0010303699201337556 0.006609957512771552
371 2597 0.7538237802711673 0.006199234327797457 4.571744760073434e-06 4.571744760073434e-06 0.001161006448447134 0.006199234327797457
372 2604 0.8150183358025233 0.006186819538311048 4.5473430110637315e-06 4.5473430110637315e-06 0.0011005684742264705 0.006186819538311048
373 2611 0.759530540988602 0.005605073617926052 4.280648717676585e-06 4.280648717676585e-06 0.001211190228990524 0.005605073617926052
374 2618 0.700908318054627 0.005423168007842031 3.6304348903707537e-06 3.6304348903707537e-06 0.001208214574473828 0.005423168007842031
375 2625 0.8001997550717703 0.005281264511640929 3.430663482808788e-06 3.430663482808788e-06 0.0011701748823498568 0.005281264511640929
376 2632 0.795390837425688 0.005450117956585005 3.7578026577849455e-06 3.7578026577849455e-06 0.0010431753493406364 0.005450117956585005
377 2639 0.7430974300006523 0.005602278268238699 3.8049895532009e-06 3.8049895532009e-06 0.0010536251245806126 0.005602278268238699
378 2646 0.6049233329039501 0.005052783985379583 3.883197318626054e-06 3.883197318626054e-06 0.001038133267151389 0.005052783985379583
379 2653 0.6056815211195475 0.004708718014616475 3.816547114597497e-06 3.816547114597497e-06 0.0009192161583690799 0.004708718014616475
380 2660 0.5253775051184686 0.005037726386632584 3.970461557097264e-06 3.970461557097264e-06 0.0008344631293116915 0.005037726386632584
381 2667 0.4213016972358761 0.004788629641162362 4.074757764463802e-06 4.074757764463802e-06 0.0008201377505585893 0.004788629641162362
382 2674 0.3600343594816108 0.004509763242613884 3.5236180829464142e-06 3.5236180829464142e-06 0.0008320512687678273 0.004509763242613884
383 2681 0.33310232007292545 0.004207629556071839 3.314609242947948e-06 3.314609242947948e-06 0.0008197820185958628 0.004207629556071839
384 2688 0.42099534013021866 0.0045824294314506095 2.925796625819796e-06 2.925796625819796e-06 0.0007412500681417305 0.0045824294314506095
385 2695 0.4551619575404169 0.004469355725833705 3.0829417427483737e-06 3.0829417427483737e-06 0.0008851842851137748 0.004469355725833705
386 2702 0.4470640900084798 0.004182331610642214 2.8746587272544467e-06 2.8746587272544467e-06 0.0009334221393588008 0.004182331610642214
387 2709 0.3541340818207279 0.004320105745098379 2.8861160856545417e-06 2.8861160856545417e-06 0.0008377477612115681 0.004320105745098379
388 2716 0.33066027384603836 0.004285098736105355 2.8539558125808667e-06 2.8539558125808667e-06 0.0006876018930575162 0.004285098736105355
389 2723 0.2756300115756654 0.0041036244717371105 2.6590961930504355e-06 2.6590961930504355e-06 0.0006609822227644145 0.0041036244717371105
390 2730 0.21147609301112766 0.003704638154115942 2.749368976835186e-06 2.749368976835186e-06 0.0006345296736787503 0.003704638154115942
391 2737 0.1854947910138204 0.0039047593108251385 2.7037949401380263e-06 2.7037949401380263e-06 0.000510104565841381 0.0039047593108251385
392 2744 0.15802149137922017 0.0038853740116256536 2.634459162363025e-06 2.634459162363025e-06 0.0004633836068437121 0.0038853740116256536
393 2751 0.13511782631360877 0.0035714089276191988 2.6465128899043466e-06 2.6465128899043466e-06 0.00041865493487437016 0.0035714089276191988
394 2758 0.1483799327190397 0.003532693265850063 2.5866802905203938e-06 2.5866802905203938e-06 0.0003539321431955204 0.003532693265850063
395 2765 0.12892517834792666 0.0035874145387401832 3.009548292797234e-06 3.009548292797234e-06 0.00031041603503126905 0.0035874145387401832
396 2772 0.13582700414458385 0.0036115226408278164 2.5299152780236736e-06 2.5299152780236736e-06 0.00029911817530762325 0.0036115226408278164
397 2779 0.12048035268707599 0.003564486415943004 2.8701653172416627e-06 2.8701653172416627e-06 0.0002711781057820314 0.003564486415943004
398 2786 0.12520447761805642 0.003320048163587178 2.86617550411297e-06 2.86617550411297e-06 0.00024737335071089447 0.003320048163587178
399 2793 0.17616637860172676 0.002652177506103945 3.2925277322556943e-06 3.2925277322556943e-06 0.00024879183014370654 0.002652177506103945
400 2800 0.2036935733099313 0.0026252394717182705 3.5428841095140633e-06 3.5428841095140633e-06 0.0002409873960633061 0.0026252394717182705
401 2807 0.2224987606998628 0.002426143977255375 3.3230477760849924e-06 3.3230477760849924e-06 0.00025057402523289524 0.002426143977255375
402 2814 0.23266648276525292 0.0022141918130555178 3.4290468706990437e-06 3.4290468706990437e-06 0.00023479083648738773 0.0022141918130555178
403 2821 0.235984949706345 0.002042909886036678 3.3486939213457628e-06 3.3486939213457628e-06 0.00025022365391259827 0.002042909886036678
404 2828 0.22693138113130829 0.0021740604918375835 3.1716407010728016e-06 3.1716407010728016e-06 0.00023509265560988838 0.0021740604918375835
405 2835 0.2271702552813201 0.0020735097456795787 3.083845901698717e-06 3.083845901698717e-06 0.000227434153949135 0.0020735097456795787
406 2842 0.23462728622833887 0.002059002279851563 3.2333825620319597e-06 3.2333825620319597e-06 0.00021001854457347095 0.002059002279851563
407 2849 0.2549085366925579 0.0018191499646011391 3.4939015891257622e-06 3.4939015891257622e-06 0.00022934303279443976 0.0018191499646011391
408 2856 0.28603576983745416 0.0018781612654275414 3.885390000335767e-06 3.885390000335767e-06 0.00021072752244748733 0.0018781612654275414
409 2863 0.3559548624324536 0.0020211601987977176 3.88778860835733e-06 3.88778860835733e-06 0.00019135409010920132 0.0020211601987977176
410 2870 0.3878558219443614 0.002267758244423406 3.4279787469722492e-06 3.4279787469722492e-06 0.00021043603415659714 0.002267758244423406
411 2877 0.3413704883728505 0.002370514782065425 3.1848616562745776e-06 3.1848616562745776e-06 0.00020230736101856117 0.002370514782065425
412 2884 0.399055483063269 0.0023049877072380265 2.9962177814173185e-06 2.9962177814173185e-06 0.00019465274986952915 0.0023049877072380265
413 2891 0.3590385186730688 0.0022877137383075143 3.6177217317002886e-06 3.6177217317002886e-06 0.00017158745748980622 0.0022877137383075143
414 2898 0.37737095529808234 0.002162558601519956 3.518991476663788e-06 3.518991476663788e-06 0.00014854400282849974 0.002162558601519956
415 2905 0.3870534295773478 0.0020845723847411073 3.936697669317004e-06 3.936697669317004e-06 0.00012645459450652495 0.0020845723847411073
416 2912 0.3085313488918487 0.0021411113696155073 3.926169209369361e-06 3.926169209369361e-06 0.00011369118028640843 0.0021411113696155073
417 2919 0.32391017977117903 0.002155023118779664 3.711763098288026e-06 3.711763098288026e-06 0.00011172396020882898 0.002155023118779664
418 2926 0.3049722686012485 0.0018945893770925763 3.748042542080355e-06 3.748042542080355e-06 0.00012396331483173966 0.0018945893770925763
419 2933 0.33068636796591067 0.0018909193100883244 3.68364274754242e-06 3.68364274754242e-06 0.00011108213552265028 0.0018909193100883244
420 2940 0.3196657932513029 0.0016984307722773715 4.182077795498989e-06 4.182077795498989e-06 0.00010213792665650618 0.0016984307722773715
421 2947 0.34815632343220626 0.001611962294943865 4.23735910562676e-06 4.23735910562676e-06 9.130890121261761e-05 0.001611962294943865
422 2954 0.34788428267046595 0.0015837104811179195 4.061293113153932e-06 4.061293113153932e-06 9.51670773146967e-05 0.0015837104811179195
423 2961 0.47943282610409965 0.0014849776193431548 4.25631178189555e-06 4.25631178189555e-06 9.448834776268022e-05 0.0014849776193431548
424 2968 0.5464057757996328 0.0015566429937894075 3.841665565889554e-06 3.841665565889554e-06 0.0001051020712414245 0.0015566429937894075
425 2975 0.5683396401350307 0.0013897832912262618 3.5549284853814676e-06 3.5549284853814676e-06 0.00010964708758154651 0.0013897832912262618
426 2982 0.5874574077364298 0.00115727565533254 3.541385321959792e-06 3.541385321959792e-06 0.00010878611276578628 0.00115727565533254
427 2989 0.8099989676032717 0.0012266349503614075 4.088472895897995e-06 4.088472895897995e-06 8.603639740009964e-05 0.0012266349503614075
428 2996 0.8198681087502444 0.001192583728894171 4.274736267022141e-06 4.274736267022141e-06 9.083629598621664e-05 0.001192583728894171
429 3003 0.8206926898294701 0.0010566577324227083 4.183726291171395e-06 4.183726291171395e-06 8.247717913522647e-05 0.0010566577324227083
430 3010 0.9548350075413387 0.0010020219324951396 4.060646450384882e-06 4.060646450384882e-06 8.16524451750828e-05 0.0010020219324951396
431 3017 1.0161209756330623 0.00125153962910281 4.585998078695643e-06 4.585998078695643e-06 7.5057338631848e-05 0.00125153962910281
432 3024 0.927219005140191 0.0012428969872453027 4.523106496639106e-06 4.523106496639106e-06 7.26118386246234e-05 0.0012428969872453027
433 3031 0.7549558962232381 0.0012169054753851138 4.673147542318408e-06 4.673147542318408e-06 7.029164080686998e-05 0.0012169054753851138
434 3038 0.8536641396831011 0.0011089643443778433 4.423217956723678e-06 4.423217956723678e-06 6.883921732620832e-05 0.0011089643443778433
435 3045 0.6925178056659184 0.0012696211548138474 4.566218844631639e-06 4.566218844631639e-06 6.61653507728167e-05 0.0012696211548138474
436 3052 0.6300977338973568 0.0012951146750742135 4.0424280056931096e-06 4.0424280056931096e-06 6.124640610944768e-05 0.0012951146750742135
437 3059 0.6151640953228098 0.0012984161206017453 3.896558387868661e-06 3.896558387868661e-06 5.467803606073153e-05 0.0012984161206017453
438 3066 0.5490869745976267 0.0012670803695336548 3.4258221031097133e-06 3.4258221031097133e-06 5.607149472262744e-05 0.0012670803695336548
439 3073 0.44429130741473516 0.0012591287751015688 2.9639423548687405e-06 2.9639423548687405e-06 5.420931631487425e-05 0.0012591287751015688
440 3080 0.4148333989719101 0.0012121862886962486 2.8116419999114065e-06 2.8116419999114065e-06 4.771044052518857e-05 0.0012121862886962486
441 3087 0.35822274079999017 0.0012261356180640881 2.8287751797309134e-06 2.8287751797309134e-06 4.075321268331031e-05 0.0012261356180640881
442 3094 0.3239703190131227 0.0011400249130377547 2.6192479021907037e-06 2.6192479021907037e-06 3.8346587815193596e-05 0.0011400249130377547
443 3101 0.29751028896490295 0.001156391719592013 2.1819280836622893e-06 2.1819280836622893e-06 3.779622487389607e-05 0.001156391719592013
444 3108 0.2627480692098581 0.0010207493351002547 2.051540495006081e-06 2.051540495006081e-06 4.038560031604215e-05 0.0010207493351002547
445 3115 0.2480419764602609 0.0010503486301993966 1.7746331368743528e-06 1.7746331368743528e-06 3.959399415801179e-05 0.0010503486301993966
446 3122 0.24914980770208095 0.0008660406535261412 1.930608686862102e-06 1.930608686862102e-06 4.003624135183599e-05 0.0008660406535261412
447 3129 0.2398194269805598 0.0008699508125433996 1.7630007619726359e-06 1.7630007619726359e-06 4.150576296818923e-05 0.0008699508125433996
448 3136 0.22805458505246695 0.000813174695516058 1.7320116356870408e-06 1.7320116356870408e-06 4.0858769354583006e-05 0.000813174695516058
449 3143 0.2413840589286624 0.0007923601965678287 1.590454304162964e-06 1.590454304162964e-06 4.164669432394507e-05 0.0007923601965678287
450 3150 0.23978396925138445 0.0009259220612599986 1.4784434661095705e-06 1.4784434661095705e-06 4.039507132177871e-05 0.0009259220612599986
451 3157 0.2410172582912959 0.0009691089291169749 1.3875779841410014e-06 1.3875779841410014e-06 4.182042689203772e-05 0.0009691089291169749
452 3164 0.22183958709256849 0.000917796439437313 1.2886776408385273e-06 1.2886776408385273e-06 4.2700296983282524e-05 0.000917796439437313
453 3171 0.19727848593680436 0.0008984593127768733 1.2612974872724767e-06 1.2612974872724767e-06 4.321573332565927e-05 0.0008984593127768733
454 3178 0.18265916088526973 0.0009182855337238977 1.3415556093990855e-06 1.3415556093990855e-06 3.715487981146927e-05 0.0009182855337238977
455 3185 0.16705432223736255 0.0009268495118446526 1.3123124730717782e-06 1.3123124730717782e-06 3.276473908718909e-05 0.0009268495118446526
456 3192 0.14373220131856937 0.0009200066214687474 1.1202037171017622e-06 1.1202037171017622e-06 3.300592538602303e-05 0.0009200066214687474
457 3199 0.1282617013078508 0.0009278609450184857 1.1329262928420923e-06 1.1329262928420923e-06 3.292798267849892e-05 0.0009278609450184857
458 3206 0.15951393458851243 0.0009106833564244738 1.0361952559357865e-06 1.0361952559357865e-06 3.1853197018027335e-05 0.0009106833564244738
459 3213 0.1760654625158753 0.0007886832629682627 9.870680979906584e-07 9.870680979906584e-07 4.48770279440518e-05 0.0007886832629682627
460 3220 0.17611498881775575 0.0008114610844571548 8.647738171649174e-07 8.647738171649174e-07 4.553835855462397e-05 0.0008114610844571548
461 3227 0.154826913815209 0.0007858199869110652 7.375137955672258e-07 7.375137955672258e-07 4.693167326762896e-05 0.0007858199869110652
462 3234 0.1466308043272855 0.0007118690777978878 7.36617186896979e-07 7.36617186896979e-07 4.406614782072665e-05 0.0007118690777978878
463 3241 0.1851174898557393 0.0007375015172642133 6.255941895155294e-07 6.255941895155294e-07 4.334559450733537e-05 0.0007375015172642133
464 3248 0.22037218326668923 0.0007830451350772193 7.188966609071447e-07 7.188966609071447e-07 3.8764571209724394e-05 0.0007830451350772193
465 3255 0.2006480048835219 0.0008750269325870378 6.960121711411691e-07 6.960121711411691e-07 3.6931160089853506e-05 0.0008750269325870378
466 3262 0.20586821809832595 0.0008828010986172937 6.12281690870924e-07 6.12281690870924e-07 3.6428403728062704e-05 0.0008828010986172937
467 3269 0.23097274538709678 0.0008484051575005329 5.754256170736117e-07 5.754256170736117e-07 3.9437205994947115e-05 0.0008484051575005329
468 3276 0.21354383695959614 0.0008666017961884351 6.317931438334931e-07 6.317931438334931e-07 3.925225650812433e-05 0.0008666017961884351
469 3283 0.2272681218536561 0.0008908315829156211 5.69231325781302e-07 5.69231325781302e-07 4.052942671270803e-05 0.0008908315829156211
470 3290 0.2849849102173234 0.0008015690191027669 7.051272103721177e-07 7.051272103721177e-07 3.665846438017166e-05 0.0008015690191027669
