% # columns="iteration, evaluation, min max(neg(.)) min(pos(.)) max correlation, correlation matrix principal axes lengths  (sorted square roots of eigenvalues of correlation matrix)", seed=859333, Fri Jun  2 16:21:25 2023
1 7 -0.1051854479392524 -0.0636535988014132 0.12577963449567392 0.14739219645686374 0.8871243528163766 1.0279995356712563 1.0752801203871512
2 14 -0.1051854479392524 -0.0636535988014132 0.12577963449567392 0.14739219645686374 0.8871243528163766 1.0279995356712563 1.0752801203871512
3 21 -0.1051854479392524 -0.0636535988014132 0.12577963449567392 0.14739219645686374 0.8871243528163766 1.0279995356712563 1.0752801203871512
4 28 -0.06822827008457605 -0.047388534067783414 0.18250634144046557 0.23829823059308927 0.8647361120079424 1.0039852338465938 1.1154573531997485
5 35 -0.06822827008457605 -0.047388534067783414 0.18250634144046557 0.23829823059308927 0.8647361120079424 1.0039852338465938 1.1154573531997485
6 42 -0.06822827008457605 -0.047388534067783414 0.18250634144046557 0.23829823059308927 0.8647361120079424 1.0039852338465938 1.1154573531997485
7 49 -0.1644381458262404 -0.11994458279982081 0.11515619495339056 0.14902955784470812 0.8782003617812185 1.0067126528394064 1.1024036280693121
8 56 -0.1644381458262404 -0.11994458279982081 0.11515619495339056 0.14902955784470812 0.8782003617812185 1.0067126528394064 1.1024036280693121
9 63 -0.1644381458262404 -0.11994458279982081 0.11515619495339056 0.14902955784470812 0.8782003617812185 1.0067126528394064 1.1024036280693121
10 70 -0.03366638331092617 -0.020676970838526564 0.12565642245483058 0.16144480774688336 0.9113569996724847 1.00361129574714 1.0780504562388131
11 77 -0.03366638331092617 -0.020676970838526564 0.12565642245483058 0.16144480774688336 0.9113569996724847 1.00361129574714 1.0780504562388131
12 84 -0.03366638331092617 -0.020676970838526564 0.12565642245483058 0.16144480774688336 0.9113569996724847 1.00361129574714 1.0780504562388131
13 91 -0.10782219442924151 -0.08525256341847093 0.04569309772538423 0.06677202042923203 0.9383550210043093 0.9921470016173288 1.0654267603818417
14 98 -0.10782219442924151 -0.08525256341847093 0.04569309772538423 0.06677202042923203 0.9383550210043093 0.9921470016173288 1.0654267603818417
15 105 -0.10782219442924151 -0.08525256341847093 0.04569309772538423 0.06677202042923203 0.9383550210043093 0.9921470016173288 1.0654267603818417
16 112 -0.38738556561119136 -0.3797873447054924 0.17754121151801772 0.35571917602015546 0.782688205466269 0.8085805291198753 1.316661194443056
17 119 -0.38738556561119136 -0.3797873447054924 0.17754121151801772 0.35571917602015546 0.782688205466269 0.8085805291198753 1.316661194443056
18 126 -0.38738556561119136 -0.3797873447054924 0.17754121151801772 0.35571917602015546 0.782688205466269 0.8085805291198753 1.316661194443056
19 133 -0.49980436822955066 -0.42093464971753436 0.4142814183002237 0.6138170557941267 0.5407240110188825 0.9055085563123026 1.3739256888030227
20 140 -0.49980436822955066 -0.42093464971753436 0.4142814183002237 0.6138170557941267 0.5407240110188825 0.9055085563123026 1.3739256888030227
21 147 -0.49980436822955066 -0.42093464971753436 0.4142814183002237 0.6138170557941267 0.5407240110188825 0.9055085563123026 1.3739256888030227
22 154 -0.5801411252986981 -0.4492206863209041 0.1718209361035009 0.24791437126717528 0.6228066934506341 0.9794661492495268 1.2855963149711465
23 161 -0.5801411252986981 -0.4492206863209041 0.1718209361035009 0.24791437126717528 0.6228066934506341 0.9794661492495268 1.2855963149711465
24 168 -0.5801411252986981 -0.4492206863209041 0.1718209361035009 0.24791437126717528 0.6228066934506341 0.9794661492495268 1.2855963149711465
25 175 -0.41412284564272384 -0.3967204108868142 0.29177101424478835 0.5038657211994129 0.696905847736588 0.8180600330726996 1.3583445887107004
26 182 -0.41412284564272384 -0.3967204108868142 0.29177101424478835 0.5038657211994129 0.696905847736588 0.8180600330726996 1.3583445887107004
27 189 -0.41412284564272384 -0.3967204108868142 0.29177101424478835 0.5038657211994129 0.696905847736588 0.8180600330726996 1.3583445887107004
28 196 -0.49257005404549914 -0.43602560771844695 0.17659673315593571 0.32425973378701106 0.7086779052208676 0.8753808681250104 1.3158586407256923
29 203 -0.49257005404549914 -0.43602560771844695 0.17659673315593571 0.32425973378701106 0.7086779052208676 0.8753808681250104 1.3158586407256923
30 210 -0.49257005404549914 -0.43602560771844695 0.17659673315593571 0.32425973378701106 0.7086779052208676 0.8753808681250104 1.3158586407256923
31 217 -0.7530131713061047 -0.6491024905994527 0.2607394442783569 0.46010940853097476 0.4831873896306163 0.8432381453145366 1.433694310788897
32 224 -0.7530131713061047 -0.6491024905994527 0.2607394442783569 0.46010940853097476 0.4831873896306163 0.8432381453145366 1.433694310788897
33 231 -0.7530131713061047 -0.6491024905994527 0.2607394442783569 0.46010940853097476 0.4831873896306163 0.8432381453145366 1.433694310788897
34 238 -0.6687706991415916 -0.5476890479887127 0.28512051573297303 0.4416420524873227 0.524085677564485 0.9120723127258318 1.3760299048097493
35 245 -0.6687706991415916 -0.5476890479887127 0.28512051573297303 0.4416420524873227 0.524085677564485 0.9120723127258318 1.3760299048097493
36 252 -0.6687706991415916 -0.5476890479887127 0.28512051573297303 0.4416420524873227 0.524085677564485 0.9120723127258318 1.3760299048097493
37 259 -0.6495566473681066 -0.5451812479081629 0.22716334147599807 0.3802361384774415 0.574162572682006 0.896031748448274 1.366552028246239
38 266 -0.6495566473681066 -0.5451812479081629 0.22716334147599807 0.3802361384774415 0.574162572682006 0.896031748448274 1.366552028246239
39 273 -0.6495566473681066 -0.5451812479081629 0.22716334147599807 0.3802361384774415 0.574162572682006 0.896031748448274 1.366552028246239
40 280 -0.8416640107713795 -0.6963886356497645 0.15378577855762732 0.2919018748384762 0.39709280279962533 0.9204604878544723 1.4124693965758846
41 287 -0.8416640107713795 -0.6963886356497645 0.15378577855762732 0.2919018748384762 0.39709280279962533 0.9204604878544723 1.4124693965758846
42 294 -0.8416640107713795 -0.6963886356497645 0.15378577855762732 0.2919018748384762 0.39709280279962533 0.9204604878544723 1.4124693965758846
43 301 -0.7766154334174107 -0.5986542097903892 0.052473488223373145 0.09155483060093911 0.4721421921396042 0.9924892854684454 1.338673510842709
44 308 -0.7766154334174107 -0.5986542097903892 0.052473488223373145 0.09155483060093911 0.4721421921396042 0.9924892854684454 1.338673510842709
45 315 -0.7766154334174107 -0.5986542097903892 0.052473488223373145 0.09155483060093911 0.4721421921396042 0.9924892854684454 1.338673510842709
46 322 -0.5533765482214362 -0.4538893827975744 0.010416653760886782 0.06569816718984542 0.6626864101789613 0.9829129872987458 1.2628257129008646
47 329 -0.5533765482214362 -0.4538893827975744 0.010416653760886782 0.06569816718984542 0.6626864101789613 0.9829129872987458 1.2628257129008646
48 336 -0.5533765482214362 -0.4538893827975744 0.010416653760886782 0.06569816718984542 0.6626864101789613 0.9829129872987458 1.2628257129008646
49 343 -0.6061129797837351 -0.51636220915564 0.046801817822122775 0.14477238951994859 0.6200106888744471 0.9494018041625396 1.3092833764828562
50 350 -0.6061129797837351 -0.51636220915564 0.046801817822122775 0.14477238951994859 0.6200106888744471 0.9494018041625396 1.3092833764828562
51 357 -0.6061129797837351 -0.51636220915564 0.046801817822122775 0.14477238951994859 0.6200106888744471 0.9494018041625396 1.3092833764828562
52 364 -0.6122292912543167 -0.5865734777526885 0.09638266521861133 0.2983788993740832 0.5775115860470321 0.8416742056309809 1.3993087220327391
53 371 -0.6122292912543167 -0.5865734777526885 0.09638266521861133 0.2983788993740832 0.5775115860470321 0.8416742056309809 1.3993087220327391
54 378 -0.6122292912543167 -0.5865734777526885 0.09638266521861133 0.2983788993740832 0.5775115860470321 0.8416742056309809 1.3993087220327391
55 385 -0.7413871236877096 -0.7233659154715942 0.30155614206943915 0.6251756197003348 0.5033008262907817 0.6231390631784512 1.535703742977824
56 392 -0.7413871236877096 -0.7233659154715942 0.30155614206943915 0.6251756197003348 0.5033008262907817 0.6231390631784512 1.535703742977824
57 399 -0.7413871236877096 -0.7233659154715942 0.30155614206943915 0.6251756197003348 0.5033008262907817 0.6231390631784512 1.535703742977824
58 406 -0.5840956799590834 -0.5513755007586529 0.3067463389306758 0.5600667729600216 0.6207179145422896 0.7401695890169087 1.43765720881607
59 413 -0.5840956799590834 -0.5513755007586529 0.3067463389306758 0.5600667729600216 0.6207179145422896 0.7401695890169087 1.43765720881607
60 420 -0.5840956799590834 -0.5513755007586529 0.3067463389306758 0.5600667729600216 0.6207179145422896 0.7401695890169087 1.43765720881607
61 427 -0.6781708349628349 -0.5792939676417952 0.10771461805537365 0.2378406126333903 0.5657717448749473 0.9166620082234587 1.3563307470454589
62 434 -0.6781708349628349 -0.5792939676417952 0.10771461805537365 0.2378406126333903 0.5657717448749473 0.9166620082234587 1.3563307470454589
63 441 -0.6781708349628349 -0.5792939676417952 0.10771461805537365 0.2378406126333903 0.5657717448749473 0.9166620082234587 1.3563307470454589
64 448 -0.8258844304950069 -0.7397993033236574 0.22504144364640766 0.46056989879841326 0.4167986929709355 0.7934300743820669 1.4821428968233084
65 455 -0.8258844304950069 -0.7397993033236574 0.22504144364640766 0.46056989879841326 0.4167986929709355 0.7934300743820669 1.4821428968233084
66 462 -0.8258844304950069 -0.7397993033236574 0.22504144364640766 0.46056989879841326 0.4167986929709355 0.7934300743820669 1.4821428968233084
67 469 -0.8792823792809387 -0.8311024768141335 0.26884424586291156 0.5873132509551213 0.3306409702238058 0.6694101782695696 1.5628712557464746
68 476 -0.8792823792809387 -0.8311024768141335 0.26884424586291156 0.5873132509551213 0.3306409702238058 0.6694101782695696 1.5628712557464746
69 483 -0.8792823792809387 -0.8311024768141335 0.26884424586291156 0.5873132509551213 0.3306409702238058 0.6694101782695696 1.5628712557464746
70 490 -0.9311256113935853 -0.8893544604640865 0.42124786547871806 0.8163441565301541 0.25250898801490607 0.5098165318933338 1.6359481393919375
71 497 -0.9311256113935853 -0.8893544604640865 0.42124786547871806 0.8163441565301541 0.25250898801490607 0.5098165318933338 1.6359481393919375
72 504 -0.9311256113935853 -0.8893544604640865 0.42124786547871806 0.8163441565301541 0.25250898801490607 0.5098165318933338 1.6359481393919375
73 511 -0.9546552575387766 -0.9263312436178396 0.43846517084416337 0.8650732950772274 0.2095144516324065 0.4255951572535076 1.665824857744515
74 518 -0.9546552575387766 -0.9263312436178396 0.43846517084416337 0.8650732950772274 0.2095144516324065 0.4255951572535076 1.665824857744515
75 525 -0.9546552575387766 -0.9263312436178396 0.43846517084416337 0.8650732950772274 0.2095144516324065 0.4255951572535076 1.665824857744515
76 532 -0.883374029127518 -0.850974638698891 0.41812673382850407 0.8087611342423422 0.3304100986507407 0.5089778970628875 1.6222733021938835
77 539 -0.883374029127518 -0.850974638698891 0.41812673382850407 0.8087611342423422 0.3304100986507407 0.5089778970628875 1.6222733021938835
78 546 -0.883374029127518 -0.850974638698891 0.41812673382850407 0.8087611342423422 0.3304100986507407 0.5089778970628875 1.6222733021938835
79 553 -0.8546156466049941 -0.80408933347395 0.45145896818062414 0.8194487556011048 0.31114939812507153 0.5907185354822568 1.5981982555002692
80 560 -0.8546156466049941 -0.80408933347395 0.45145896818062414 0.8194487556011048 0.31114939812507153 0.5907185354822568 1.5981982555002692
81 567 -0.8546156466049941 -0.80408933347395 0.45145896818062414 0.8194487556011048 0.31114939812507153 0.5907185354822568 1.5981982555002692
82 574 -0.8167418272339597 -0.7624349477275558 0.43301387587168527 0.7771899375650284 0.36285951109797493 0.634172394900013 1.57040069687724
83 581 -0.8167418272339597 -0.7624349477275558 0.43301387587168527 0.7771899375650284 0.36285951109797493 0.634172394900013 1.57040069687724
84 588 -0.8167418272339597 -0.7624349477275558 0.43301387587168527 0.7771899375650284 0.36285951109797493 0.634172394900013 1.57040069687724
85 595 -0.8218260236372702 -0.744977594614006 0.44364921596914325 0.7630097238069287 0.32349308659398657 0.6985690320198403 1.551564865040698
86 602 -0.8218260236372702 -0.744977594614006 0.44364921596914325 0.7630097238069287 0.32349308659398657 0.6985690320198403 1.551564865040698
87 609 -0.8218260236372702 -0.744977594614006 0.44364921596914325 0.7630097238069287 0.32349308659398657 0.6985690320198403 1.551564865040698
88 616 -0.8066990654258038 -0.7391496699053857 0.32665365326438567 0.6143720321338914 0.4310750747782255 0.7086335499668935 1.5205304244789926
89 623 -0.8066990654258038 -0.7391496699053857 0.32665365326438567 0.6143720321338914 0.4310750747782255 0.7086335499668935 1.5205304244789926
90 630 -0.8066990654258038 -0.7391496699053857 0.32665365326438567 0.6143720321338914 0.4310750747782255 0.7086335499668935 1.5205304244789926
91 637 -0.8398037566678958 -0.7656480277652822 0.41325007474101505 0.7320603800071672 0.3417923322018568 0.6828477352584243 1.5546372477528179
92 644 -0.8398037566678958 -0.7656480277652822 0.41325007474101505 0.7320603800071672 0.3417923322018568 0.6828477352584243 1.5546372477528179
93 651 -0.8398037566678958 -0.7656480277652822 0.41325007474101505 0.7320603800071672 0.3417923322018568 0.6828477352584243 1.5546372477528179
94 658 -0.8413336065835453 -0.7446683243951628 0.29551928031450914 0.5455831996960173 0.3888333321761868 0.7776410312888846 1.4980263903699171
95 665 -0.8413336065835453 -0.7446683243951628 0.29551928031450914 0.5455831996960173 0.3888333321761868 0.7776410312888846 1.4980263903699171
96 672 -0.8413336065835453 -0.7446683243951628 0.29551928031450914 0.5455831996960173 0.3888333321761868 0.7776410312888846 1.4980263903699171
97 679 -0.7823040249357321 -0.6390919476872869 0.2291225626730542 0.37531532221138936 0.4448397217620915 0.9168062665894189 1.4005655612947923
98 686 -0.7823040249357321 -0.6390919476872869 0.2291225626730542 0.37531532221138936 0.4448397217620915 0.9168062665894189 1.4005655612947923
99 693 -0.7823040249357321 -0.6390919476872869 0.2291225626730542 0.37531532221138936 0.4448397217620915 0.9168062665894189 1.4005655612947923
100 700 -0.7768467811263677 -0.7026540458717927 0.2858843274560578 0.5412043833107663 0.4679387949910014 0.7565545176480716 1.4861556264297031
101 707 -0.7768467811263677 -0.7026540458717927 0.2858843274560578 0.5412043833107663 0.4679387949910014 0.7565545176480716 1.4861556264297031
102 714 -0.7768467811263677 -0.7026540458717927 0.2858843274560578 0.5412043833107663 0.4679387949910014 0.7565545176480716 1.4861556264297031
103 721 -0.7138855550754083 -0.6352646526236723 0.3327560699147115 0.5768087416424367 0.4991349140118104 0.7839017116072384 1.4616300640564508
104 728 -0.7138855550754083 -0.6352646526236723 0.3327560699147115 0.5768087416424367 0.4991349140118104 0.7839017116072384 1.4616300640564508
105 735 -0.7138855550754083 -0.6352646526236723 0.3327560699147115 0.5768087416424367 0.4991349140118104 0.7839017116072384 1.4616300640564508
106 742 -0.6352999368059067 -0.6120372649366908 0.445447241989582 0.7746794057624571 0.4612095187433665 0.6935466827347945 1.5186437300065068
107 749 -0.6352999368059067 -0.6120372649366908 0.445447241989582 0.7746794057624571 0.4612095187433665 0.6935466827347945 1.5186437300065068
108 756 -0.6352999368059067 -0.6120372649366908 0.445447241989582 0.7746794057624571 0.4612095187433665 0.6935466827347945 1.5186437300065068
109 763 -0.7657243317004337 -0.7147877639847067 0.4991317546530895 0.8528350264832946 0.3092443669338786 0.6664691644156066 1.568498254510609
110 770 -0.7657243317004337 -0.7147877639847067 0.4991317546530895 0.8528350264832946 0.3092443669338786 0.6664691644156066 1.568498254510609
111 777 -0.7657243317004337 -0.7147877639847067 0.4991317546530895 0.8528350264832946 0.3092443669338786 0.6664691644156066 1.568498254510609
112 784 -0.6391238773417709 -0.6016564231448189 0.5460737108223139 0.8911829679477395 0.29781692254571807 0.7419951716623598 1.5364726635625972
113 791 -0.6391238773417709 -0.6016564231448189 0.5460737108223139 0.8911829679477395 0.29781692254571807 0.7419951716623598 1.5364726635625972
114 798 -0.6391238773417709 -0.6016564231448189 0.5460737108223139 0.8911829679477395 0.29781692254571807 0.7419951716623598 1.5364726635625972
115 805 -0.786610618314621 -0.7809620722935695 0.5079710477476802 0.931966875073712 0.25912807481183714 0.5248515048756018 1.630148317998742
116 812 -0.786610618314621 -0.7809620722935695 0.5079710477476802 0.931966875073712 0.25912807481183714 0.5248515048756018 1.630148317998742
117 819 -0.786610618314621 -0.7809620722935695 0.5079710477476802 0.931966875073712 0.25912807481183714 0.5248515048756018 1.630148317998742
118 826 -0.822605603797717 -0.8224651423006424 0.5007373046282617 0.9416643254408219 0.24152633093984532 0.4649666473895273 1.6509000721661142
119 833 -0.822605603797717 -0.8224651423006424 0.5007373046282617 0.9416643254408219 0.24152633093984532 0.4649666473895273 1.6509000721661142
120 840 -0.822605603797717 -0.8224651423006424 0.5007373046282617 0.9416643254408219 0.24152633093984532 0.4649666473895273 1.6509000721661142
121 847 -0.7505386894217163 -0.7411299142014484 0.5076218842432836 0.914463708504593 0.2887936408927427 0.5726767743622722 1.6089249656481612
122 854 -0.7505386894217163 -0.7411299142014484 0.5076218842432836 0.914463708504593 0.2887936408927427 0.5726767743622722 1.6089249656481612
123 861 -0.7505386894217163 -0.7411299142014484 0.5076218842432836 0.914463708504593 0.2887936408927427 0.5726767743622722 1.6089249656481612
124 868 -0.6754462160506616 -0.6604618712059886 0.5020485821996025 0.87456772182346 0.34782787067496396 0.6552378778371963 1.5651450718157498
125 875 -0.6754462160506616 -0.6604618712059886 0.5020485821996025 0.87456772182346 0.34782787067496396 0.6552378778371963 1.5651450718157498
126 882 -0.6754462160506616 -0.6604618712059886 0.5020485821996025 0.87456772182346 0.34782787067496396 0.6552378778371963 1.5651450718157498
127 889 -0.8372659510218476 -0.8048319072648806 0.4794274911701283 0.8750799135581642 0.3001150539797219 0.542791026939645 1.617191656993244
128 896 -0.8372659510218476 -0.8048319072648806 0.4794274911701283 0.8750799135581642 0.3001150539797219 0.542791026939645 1.617191656993244
129 903 -0.8372659510218476 -0.8048319072648806 0.4794274911701283 0.8750799135581642 0.3001150539797219 0.542791026939645 1.617191656993244
130 910 -0.8063020382958495 -0.7961337929826061 0.4776627917177656 0.8920934079713129 0.32229813766291426 0.5022879588305755 1.625986075239524
131 917 -0.8063020382958495 -0.7961337929826061 0.4776627917177656 0.8920934079713129 0.32229813766291426 0.5022879588305755 1.625986075239524
132 924 -0.8063020382958495 -0.7961337929826061 0.4776627917177656 0.8920934079713129 0.32229813766291426 0.5022879588305755 1.625986075239524
133 931 -0.755651102584165 -0.7358027090060899 0.4994568862685808 0.8913616911153959 0.31473380722015026 0.590437070788551 1.5976002929491924
134 938 -0.755651102584165 -0.7358027090060899 0.4994568862685808 0.8913616911153959 0.31473380722015026 0.590437070788551 1.5976002929491924
135 945 -0.755651102584165 -0.7358027090060899 0.4994568862685808 0.8913616911153959 0.31473380722015026 0.590437070788551 1.5976002929491924
136 952 -0.7577494487532065 -0.7319203607398854 0.5251877791318649 0.9183947377424606 0.2608215376753459 0.6107866072579875 1.599659915694253
137 959 -0.7577494487532065 -0.7319203607398854 0.5251877791318649 0.9183947377424606 0.2608215376753459 0.6107866072579875 1.599659915694253
138 966 -0.7577494487532065 -0.7319203607398854 0.5251877791318649 0.9183947377424606 0.2608215376753459 0.6107866072579875 1.599659915694253
139 973 -0.8808885799184237 -0.8641540667204608 0.5085408813898835 0.9493713508953687 0.19964312511828045 0.44292043491213456 1.662517401692461
140 980 -0.8808885799184237 -0.8641540667204608 0.5085408813898835 0.9493713508953687 0.19964312511828045 0.44292043491213456 1.662517401692461
141 987 -0.8808885799184237 -0.8641540667204608 0.5085408813898835 0.9493713508953687 0.19964312511828045 0.44292043491213456 1.662517401692461
142 994 -0.8884090986685206 -0.8783886935014403 0.5235321834735436 0.9808187372981247 0.12442749361785345 0.41431976575515683 1.677157395874511
143 1001 -0.8884090986685206 -0.8783886935014403 0.5235321834735436 0.9808187372981247 0.12442749361785345 0.41431976575515683 1.677157395874511
144 1008 -0.8884090986685206 -0.8783886935014403 0.5235321834735436 0.9808187372981247 0.12442749361785345 0.41431976575515683 1.677157395874511
145 1015 -0.8945800814532028 -0.8812995595189409 0.5188614914439648 0.9723013198306715 0.14449674318221095 0.4153133762380208 1.6753016118679973
146 1022 -0.8945800814532028 -0.8812995595189409 0.5188614914439648 0.9723013198306715 0.14449674318221095 0.4153133762380208 1.6753016118679973
147 1029 -0.8945800814532028 -0.8812995595189409 0.5188614914439648 0.9723013198306715 0.14449674318221095 0.4153133762380208 1.6753016118679973
148 1036 -0.9085360496342277 -0.8911051269644191 0.5233667236990734 0.9774264179170957 0.1055161113101797 0.4137322579772563 1.6785982154652197
149 1043 -0.9085360496342277 -0.8911051269644191 0.5233667236990734 0.9774264179170957 0.1055161113101797 0.4137322579772563 1.6785982154652197
150 1050 -0.9085360496342277 -0.8911051269644191 0.5233667236990734 0.9774264179170957 0.1055161113101797 0.4137322579772563 1.6785982154652197
151 1057 -0.8728008260180045 -0.8501446453333962 0.5342259771270272 0.9730266705958934 0.1129009732710557 0.4826267439848477 1.6596158580301144
152 1064 -0.8728008260180045 -0.8501446453333962 0.5342259771270272 0.9730266705958934 0.1129009732710557 0.4826267439848477 1.6596158580301144
153 1071 -0.8728008260180045 -0.8501446453333962 0.5342259771270272 0.9730266705958934 0.1129009732710557 0.4826267439848477 1.6596158580301144
154 1078 -0.7975372863338227 -0.7652961073445966 0.5655617041952622 0.9769397957193223 0.06782748521729727 0.6000034048741077 1.623390078320234
155 1085 -0.7975372863338227 -0.7652961073445966 0.5655617041952622 0.9769397957193223 0.06782748521729727 0.6000034048741077 1.623390078320234
156 1092 -0.7975372863338227 -0.7652961073445966 0.5655617041952622 0.9769397957193223 0.06782748521729727 0.6000034048741077 1.623390078320234
157 1099 -0.8572369484675056 -0.8345026882537282 0.5461901052961711 0.9836867762656933 0.061674956301294354 0.5049304931884782 1.6556694708829038
158 1106 -0.8572369484675056 -0.8345026882537282 0.5461901052961711 0.9836867762656933 0.061674956301294354 0.5049304931884782 1.6556694708829038
159 1113 -0.8572369484675056 -0.8345026882537282 0.5461901052961711 0.9836867762656933 0.061674956301294354 0.5049304931884782 1.6556694708829038
160 1120 -0.8982187558433866 -0.8821013113684593 0.5335695315527202 0.9893423680515193 0.045940176506337096 0.42681409727101977 1.678010496556351
161 1127 -0.8982187558433866 -0.8821013113684593 0.5335695315527202 0.9893423680515193 0.045940176506337096 0.42681409727101977 1.678010496556351
162 1134 -0.8982187558433866 -0.8821013113684593 0.5335695315527202 0.9893423680515193 0.045940176506337096 0.42681409727101977 1.678010496556351
163 1141 -0.824421764816909 -0.8065424270778325 0.5525758557484672 0.9877359456181576 0.07279806391593235 0.5298698050937868 1.647403542408466
164 1148 -0.824421764816909 -0.8065424270778325 0.5525758557484672 0.9877359456181576 0.07279806391593235 0.5298698050937868 1.647403542408466
165 1155 -0.824421764816909 -0.8065424270778325 0.5525758557484672 0.9877359456181576 0.07279806391593235 0.5298698050937868 1.647403542408466
166 1162 -0.9208429149292179 -0.9103417759856168 0.52468413998084 0.9925249730260579 0.05164540402385939 0.3675113156141518 1.6918239226168803
167 1169 -0.9208429149292179 -0.9103417759856168 0.52468413998084 0.9925249730260579 0.05164540402385939 0.3675113156141518 1.6918239226168803
168 1176 -0.9208429149292179 -0.9103417759856168 0.52468413998084 0.9925249730260579 0.05164540402385939 0.3675113156141518 1.6918239226168803
169 1183 -0.9444481056797075 -0.9407730577022826 0.514993756714117 0.9965743135421585 0.05000124856096632 0.28872707323994856 1.7070842253153875
170 1190 -0.9444481056797075 -0.9407730577022826 0.514993756714117 0.9965743135421585 0.05000124856096632 0.28872707323994856 1.7070842253153875
171 1197 -0.9444481056797075 -0.9407730577022826 0.514993756714117 0.9965743135421585 0.05000124856096632 0.28872707323994856 1.7070842253153875
172 1204 -0.8247753928586843 -0.8191506424304728 0.5457461769371597 0.9950870329648255 0.0644076219326894 0.4947785934356084 1.658627686286123
173 1211 -0.8247753928586843 -0.8191506424304728 0.5457461769371597 0.9950870329648255 0.0644076219326894 0.4947785934356084 1.658627686286123
174 1218 -0.8247753928586843 -0.8191506424304728 0.5457461769371597 0.9950870329648255 0.0644076219326894 0.4947785934356084 1.658627686286123
175 1225 -0.8660525418484756 -0.8595571321784939 0.5378274209409666 0.9971268623108052 0.040231108927368246 0.4409189701666922 1.6745064704627501
176 1232 -0.8660525418484756 -0.8595571321784939 0.5378274209409666 0.9971268623108052 0.040231108927368246 0.4409189701666922 1.6745064704627501
177 1239 -0.8660525418484756 -0.8595571321784939 0.5378274209409666 0.9971268623108052 0.040231108927368246 0.4409189701666922 1.6745064704627501
178 1246 -0.7110501714895046 -0.6961222149270995 0.5818503231165759 0.9929132125687293 0.06100329967980107 0.6448886038068014 1.6063615054240716
179 1253 -0.7110501714895046 -0.6961222149270995 0.5818503231165759 0.9929132125687293 0.06100329967980107 0.6448886038068014 1.6063615054240716
180 1260 -0.7110501714895046 -0.6961222149270995 0.5818503231165759 0.9929132125687293 0.06100329967980107 0.6448886038068014 1.6063615054240716
181 1267 -0.8419031555912131 -0.8317528195837616 0.5455423781495194 0.994490441386495 0.054103869743077244 0.48568293230056864 1.6616813354403261
182 1274 -0.8419031555912131 -0.8317528195837616 0.5455423781495194 0.994490441386495 0.054103869743077244 0.48568293230056864 1.6616813354403261
183 1281 -0.8419031555912131 -0.8317528195837616 0.5455423781495194 0.994490441386495 0.054103869743077244 0.48568293230056864 1.6616813354403261
184 1288 -0.7909184711551266 -0.7758926039159559 0.5623255140435339 0.9933723527908598 0.04783191174392613 0.5618715367434115 1.6376850992839005
185 1295 -0.7909184711551266 -0.7758926039159559 0.5623255140435339 0.9933723527908598 0.04783191174392613 0.5618715367434115 1.6376850992839005
186 1302 -0.7909184711551266 -0.7758926039159559 0.5623255140435339 0.9933723527908598 0.04783191174392613 0.5618715367434115 1.6376850992839005
187 1309 -0.7871783319375117 -0.7718257113795126 0.5643307873725149 0.9943636663985248 0.0345731981251805 0.5672021790438933 1.6361804246657077
188 1316 -0.7871783319375117 -0.7718257113795126 0.5643307873725149 0.9943636663985248 0.0345731981251805 0.5672021790438933 1.6361804246657077
189 1323 -0.7871783319375117 -0.7718257113795126 0.5643307873725149 0.9943636663985248 0.0345731981251805 0.5672021790438933 1.6361804246657077
190 1330 -0.8482251948046129 -0.8351291286957631 0.5475082724963914 0.9952913401182597 0.0211776672265248 0.4870201677736786 1.662035758518011
191 1337 -0.8482251948046129 -0.8351291286957631 0.5475082724963914 0.9952913401182597 0.0211776672265248 0.4870201677736786 1.662035758518011
192 1344 -0.8482251948046129 -0.8351291286957631 0.5475082724963914 0.9952913401182597 0.0211776672265248 0.4870201677736786 1.662035758518011
193 1351 -0.7448546679930874 -0.7286877373074632 0.5766314519515621 0.995570917685613 0.013049321518611778 0.6147493895298207 1.6192321956040203
194 1358 -0.7448546679930874 -0.7286877373074632 0.5766314519515621 0.995570917685613 0.013049321518611778 0.6147493895298207 1.6192321956040203
195 1365 -0.7448546679930874 -0.7286877373074632 0.5766314519515621 0.995570917685613 0.013049321518611778 0.6147493895298207 1.6192321956040203
196 1372 -0.795973201398184 -0.7823873963998527 0.5617505775686475 0.9962107638931499 0.012908858488716063 0.5528557333493208 1.6413969353801363
197 1379 -0.795973201398184 -0.7823873963998527 0.5617505775686475 0.9962107638931499 0.012908858488716063 0.5528557333493208 1.6413969353801363
198 1386 -0.795973201398184 -0.7823873963998527 0.5617505775686475 0.9962107638931499 0.012908858488716063 0.5528557333493208 1.6413969353801363
199 1393 -0.7308052980279414 -0.7151534573007787 0.5799724513394509 0.996029246825698 0.01116584101939342 0.627792141338881 1.6142342925571465
200 1400 -0.7308052980279414 -0.7151534573007787 0.5799724513394509 0.996029246825698 0.01116584101939342 0.627792141338881 1.6142342925571465
201 1407 -0.7308052980279414 -0.7151534573007787 0.5799724513394509 0.996029246825698 0.01116584101939342 0.627792141338881 1.6142342925571465
202 1414 -0.7425130666918623 -0.7242625974664363 0.5783929334244059 0.9943609744959273 0.01752488907083505 0.6219639382205364 1.6164324105313694
203 1421 -0.7425130666918623 -0.7242625974664363 0.5783929334244059 0.9943609744959273 0.01752488907083505 0.6219639382205364 1.6164324105313694
204 1428 -0.7425130666918623 -0.7242625974664363 0.5783929334244059 0.9943609744959273 0.01752488907083505 0.6219639382205364 1.6164324105313694
205 1435 -0.7821781761431921 -0.7614261177226167 0.5692827065450345 0.9921002562136763 0.015022523237892644 0.5868220670216662 1.6295441649283353
206 1442 -0.7821781761431921 -0.7614261177226167 0.5692827065450345 0.9921002562136763 0.015022523237892644 0.5868220670216662 1.6295441649283353
207 1449 -0.7821781761431921 -0.7614261177226167 0.5692827065450345 0.9921002562136763 0.015022523237892644 0.5868220670216662 1.6295441649283353
208 1456 -0.648804531050809 -0.6141916206516129 0.611410898039496 0.9853321605373363 0.013293430460502909 0.7415418552347204 1.5652280861400492
209 1463 -0.648804531050809 -0.6141916206516129 0.611410898039496 0.9853321605373363 0.013293430460502909 0.7415418552347204 1.5652280861400492
210 1470 -0.648804531050809 -0.6141916206516129 0.611410898039496 0.9853321605373363 0.013293430460502909 0.7415418552347204 1.5652280861400492
211 1477 -0.5449638437315069 -0.5208572611331507 0.6331487083121369 0.9937107821955432 0.010477639962566102 0.8013481431953138 1.5354905966687777
212 1484 -0.5449638437315069 -0.5208572611331507 0.6331487083121369 0.9937107821955432 0.010477639962566102 0.8013481431953138 1.5354905966687777
213 1491 -0.5449638437315069 -0.5208572611331507 0.6331487083121369 0.9937107821955432 0.010477639962566102 0.8013481431953138 1.5354905966687777
214 1498 -0.3302064037547372 -0.30618857324656273 0.6876436142839295 0.9949031796192525 0.009010008061503566 0.9297845209987903 1.4613074845034437
215 1505 -0.3302064037547372 -0.30618857324656273 0.6876436142839295 0.9949031796192525 0.009010008061503566 0.9297845209987903 1.4613074845034437
216 1512 -0.3302064037547372 -0.30618857324656273 0.6876436142839295 0.9949031796192525 0.009010008061503566 0.9297845209987903 1.4613074845034437
217 1519 -0.31733929400350774 -0.2930612463003454 0.6910529218683056 0.9948129302213602 0.010142953978104165 0.9360773850062598 1.4572769982966312
218 1526 -0.31733929400350774 -0.2930612463003454 0.6910529218683056 0.9948129302213602 0.010142953978104165 0.9360773850062598 1.4572769982966312
219 1533 -0.31733929400350774 -0.2930612463003454 0.6910529218683056 0.9948129302213602 0.010142953978104165 0.9360773850062598 1.4572769982966312
220 1540 0.06352623475827845 0.09571802196043781 0.7916828928895326 0.9914793959970716 0.009530676329742608 0.9880954485323376 1.4225247100835814
221 1547 0.06352623475827845 0.09571802196043781 0.7916828928895326 0.9914793959970716 0.009530676329742608 0.9880954485323376 1.4225247100835814
222 1554 0.06352623475827845 0.09571802196043781 0.7916828928895326 0.9914793959970716 0.009530676329742608 0.9880954485323376 1.4225247100835814
223 1561 0.2530359938282807 0.2879124867519212 0.8399111420632033 0.9890342009099901 0.00973837209717207 0.9120227285294193 1.4724536348403812
224 1568 0.2530359938282807 0.2879124867519212 0.8399111420632033 0.9890342009099901 0.00973837209717207 0.9120227285294193 1.4724536348403812
225 1575 0.2530359938282807 0.2879124867519212 0.8399111420632033 0.9890342009099901 0.00973837209717207 0.9120227285294193 1.4724536348403812
226 1582 0.09145698626071402 0.12368665709497176 0.7985651344295581 0.9912949560401625 0.013616707541089559 0.9805652360096142 1.4276926851410114
227 1589 0.09145698626071402 0.12368665709497176 0.7985651344295581 0.9912949560401625 0.013616707541089559 0.9805652360096142 1.4276926851410114
228 1596 0.09145698626071402 0.12368665709497176 0.7985651344295581 0.9912949560401625 0.013616707541089559 0.9805652360096142 1.4276926851410114
229 1603 0.32940243976895006 0.35482781295682375 0.853130119669239 0.9938055153855038 0.012018392324283162 0.8777197088882597 1.4931388652349284
230 1610 0.32940243976895006 0.35482781295682375 0.853130119669239 0.9938055153855038 0.012018392324283162 0.8777197088882597 1.4931388652349284
231 1617 0.32940243976895006 0.35482781295682375 0.853130119669239 0.9938055153855038 0.012018392324283162 0.8777197088882597 1.4931388652349284
232 1624 0.5110565784347865 0.533886398285288 0.8959655496203088 0.9938287802148141 0.010921461613129499 0.7560087642519643 1.558310453680669
233 1631 0.5110565784347865 0.533886398285288 0.8959655496203088 0.9938287802148141 0.010921461613129499 0.7560087642519643 1.558310453680669
234 1638 0.5110565784347865 0.533886398285288 0.8959655496203088 0.9938287802148141 0.010921461613129499 0.7560087642519643 1.558310453680669
235 1645 0.04125222123435682 0.06957438130090829 0.7836773172327102 0.993389469143426 0.011411107204003054 0.9937239396907074 1.4185846884546436
236 1652 0.04125222123435682 0.06957438130090829 0.7836773172327102 0.993389469143426 0.011411107204003054 0.9937239396907074 1.4185846884546436
237 1659 0.04125222123435682 0.06957438130090829 0.7836773172327102 0.993389469143426 0.011411107204003054 0.9937239396907074 1.4185846884546436
238 1666 -0.04522909417398022 -0.01672040961850313 0.7621614883511083 0.9932801031188351 0.014684230511202698 1.0031069822182108 1.411935110265117
239 1673 -0.04522909417398022 -0.01672040961850313 0.7621614883511083 0.9932801031188351 0.014684230511202698 1.0031069822182108 1.411935110265117
240 1680 -0.04522909417398022 -0.01672040961850313 0.7621614883511083 0.9932801031188351 0.014684230511202698 1.0031069822182108 1.411935110265117
241 1687 -0.10326016471707697 -0.08071390044692106 0.7435841501824415 0.9958039027887398 0.010729279648565944 0.9986579153112469 1.415120931491163
242 1694 -0.10326016471707697 -0.08071390044692106 0.7435841501824415 0.9958039027887398 0.010729279648565944 0.9986579153112469 1.415120931491163
243 1701 -0.10326016471707697 -0.08071390044692106 0.7435841501824415 0.9958039027887398 0.010729279648565944 0.9986579153112469 1.415120931491163
244 1708 0.016202304646054204 0.03905744456763042 0.7736554987605401 0.9956663769032671 0.011750155424042931 0.9982678298127686 1.4153880294139891
245 1715 0.016202304646054204 0.03905744456763042 0.7736554987605401 0.9956663769032671 0.011750155424042931 0.9982678298127686 1.4153880294139891
246 1722 0.016202304646054204 0.03905744456763042 0.7736554987605401 0.9956663769032671 0.011750155424042931 0.9982678298127686 1.4153880294139891
247 1729 -0.2380668964146715 -0.21863401576455324 0.707441623927753 0.9967006231750702 0.012358110675361836 0.9638143524665842 1.4390653810998146
248 1736 -0.2380668964146715 -0.21863401576455324 0.707441623927753 0.9967006231750702 0.012358110675361836 0.9638143524665842 1.4390653810998146
249 1743 -0.2380668964146715 -0.21863401576455324 0.707441623927753 0.9967006231750702 0.012358110675361836 0.9638143524665842 1.4390653810998146
250 1750 -0.273798743610162 -0.25220943539372287 0.6999063860390284 0.9956890183001731 0.01925294463844483 0.9520895193403123 1.446773953071136
251 1757 -0.273798743610162 -0.25220943539372287 0.6999063860390284 0.9956890183001731 0.01925294463844483 0.9520895193403123 1.446773953071136
252 1764 -0.273798743610162 -0.25220943539372287 0.6999063860390284 0.9956890183001731 0.01925294463844483 0.9520895193403123 1.446773953071136
253 1771 0.1008339617496902 0.1162030114113761 0.7888156489371334 0.9976508117840333 0.020624216714273447 0.9840327076936738 1.4252207800456669
254 1778 0.1008339617496902 0.1162030114113761 0.7888156489371334 0.9976508117840333 0.020624216714273447 0.9840327076936738 1.4252207800456669
255 1785 0.1008339617496902 0.1162030114113761 0.7888156489371334 0.9976508117840333 0.020624216714273447 0.9840327076936738 1.4252207800456669
256 1792 0.29113990500634485 0.30618763510124836 0.8358160825450113 0.9973111682646955 0.025826814752796714 0.9088458192971373 1.4742225925503385
257 1799 0.29113990500634485 0.30618763510124836 0.8358160825450113 0.9973111682646955 0.025826814752796714 0.9088458192971373 1.4742225925503385
258 1806 0.29113990500634485 0.30618763510124836 0.8358160825450113 0.9973111682646955 0.025826814752796714 0.9088458192971373 1.4742225925503385
259 1813 0.12919733343520148 0.1424463714517612 0.7939336588845504 0.9978470500122538 0.02669575449159916 0.9772330101490457 1.4297912367080583
260 1820 0.12919733343520148 0.1424463714517612 0.7939336588845504 0.9978470500122538 0.02669575449159916 0.9772330101490457 1.4297912367080583
261 1827 0.12919733343520148 0.1424463714517612 0.7939336588845504 0.9978470500122538 0.02669575449159916 0.9772330101490457 1.4297912367080583
262 1834 0.11770540403095568 0.1330775189049021 0.7929198573137806 0.997495188576127 0.02388727797299297 0.9795476102407248 1.428256236542563
263 1841 0.11770540403095568 0.1330775189049021 0.7929198573137806 0.997495188576127 0.02388727797299297 0.9795476102407248 1.428256236542563
264 1848 0.11770540403095568 0.1330775189049021 0.7929198573137806 0.997495188576127 0.02388727797299297 0.9795476102407248 1.428256236542563
265 1855 0.2891475568219587 0.30535656033146263 0.8362637830200619 0.9970238537400908 0.025094782433285598 0.9088209562716785 1.4742505626032698
266 1862 0.2891475568219587 0.30535656033146263 0.8362637830200619 0.9970238537400908 0.025094782433285598 0.9088209562716785 1.4742505626032698
267 1869 0.2891475568219587 0.30535656033146263 0.8362637830200619 0.9970238537400908 0.025094782433285598 0.9088209562716785 1.4742505626032698
268 1876 0.37509975204603835 0.38879304468321135 0.8556930084867647 0.9976330371174428 0.02398326430027861 0.8623535750703512 1.501922472898281
269 1883 0.37509975204603835 0.38879304468321135 0.8556930084867647 0.9976330371174428 0.02398326430027861 0.8623535750703512 1.501922472898281
270 1890 0.37509975204603835 0.38879304468321135 0.8556930084867647 0.9976330371174428 0.02398326430027861 0.8623535750703512 1.501922472898281
271 1897 0.1611950050653823 0.1785694003424519 0.8051263932689743 0.9966043289674121 0.02969464635668555 0.9646621331960213 1.4382437890550592
272 1904 0.1611950050653823 0.1785694003424519 0.8051263932689743 0.9966043289674121 0.02969464635668555 0.9646621331960213 1.4382437890550592
273 1911 0.1611950050653823 0.1785694003424519 0.8051263932689743 0.9966043289674121 0.02969464635668555 0.9646621331960213 1.4382437890550592
274 1918 0.2026730003970254 0.21776354905368991 0.8136097268316639 0.9971345707676573 0.030611567372048988 0.9502206241613219 1.4478065124047117
275 1925 0.2026730003970254 0.21776354905368991 0.8136097268316639 0.9971345707676573 0.030611567372048988 0.9502206241613219 1.4478065124047117
276 1932 0.2026730003970254 0.21776354905368991 0.8136097268316639 0.9971345707676573 0.030611567372048988 0.9502206241613219 1.4478065124047117
277 1939 0.38083973951695305 0.3927772415518802 0.855753983650198 0.99814206231471 0.02221439981902265 0.8607947436596761 1.5028436145283224
278 1946 0.38083973951695305 0.3927772415518802 0.855753983650198 0.99814206231471 0.02221439981902265 0.8607947436596761 1.5028436145283224
279 1953 0.38083973951695305 0.3927772415518802 0.855753983650198 0.99814206231471 0.02221439981902265 0.8607947436596761 1.5028436145283224
280 1960 0.6438150608250748 0.6505334957192723 0.9166601214608703 0.9986505618138719 0.02669127161017961 0.6669343168405664 1.5982760065271078
281 1967 0.6438150608250748 0.6505334957192723 0.9166601214608703 0.9986505618138719 0.02669127161017961 0.6669343168405664 1.5982760065271078
282 1974 0.6438150608250748 0.6505334957192723 0.9166601214608703 0.9986505618138719 0.02669127161017961 0.6669343168405664 1.5982760065271078
283 1981 0.528516731826129 0.5329187853700023 0.8856175908484665 0.9987818057974147 0.031620234249293916 0.7683092210174248 1.5519990662644154
284 1988 0.528516731826129 0.5329187853700023 0.8856175908484665 0.9987818057974147 0.031620234249293916 0.7683092210174248 1.5519990662644154
285 1995 0.528516731826129 0.5329187853700023 0.8856175908484665 0.9987818057974147 0.031620234249293916 0.7683092210174248 1.5519990662644154
286 2002 0.43636168828860156 0.443102965946797 0.8647068015722572 0.9985001357892153 0.032300570288314345 0.8312593659365305 1.5191986505068542
287 2009 0.43636168828860156 0.443102965946797 0.8647068015722572 0.9985001357892153 0.032300570288314345 0.8312593659365305 1.5191986505068542
288 2016 0.43636168828860156 0.443102965946797 0.8647068015722572 0.9985001357892153 0.032300570288314345 0.8312593659365305 1.5191986505068542
289 2023 0.4230243776848066 0.42987609649811853 0.8614131468211306 0.9984071114488228 0.03358582568399796 0.8399362043839175 1.514390690963947
290 2030 0.4230243776848066 0.42987609649811853 0.8614131468211306 0.9984071114488228 0.03358582568399796 0.8399362043839175 1.514390690963947
291 2037 0.4230243776848066 0.42987609649811853 0.8614131468211306 0.9984071114488228 0.03358582568399796 0.8399362043839175 1.514390690963947
292 2044 0.5825782063073945 0.5875064257439004 0.8988866093351496 0.9977517844290602 0.04413161794516846 0.7239127998284356 1.5728962643932045
293 2051 0.5825782063073945 0.5875064257439004 0.8988866093351496 0.9977517844290602 0.04413161794516846 0.7239127998284356 1.5728962643932045
294 2058 0.5825782063073945 0.5875064257439004 0.8988866093351496 0.9977517844290602 0.04413161794516846 0.7239127998284356 1.5728962643932045
295 2065 0.6361983486697236 0.6421172361597357 0.9135965127003051 0.9981707173904827 0.03666640032251465 0.6752744945856939 1.5945720215937018
296 2072 0.6361983486697236 0.6421172361597357 0.9135965127003051 0.9981707173904827 0.03666640032251465 0.6752744945856939 1.5945720215937018
297 2079 0.6361983486697236 0.6421172361597357 0.9135965127003051 0.9981707173904827 0.03666640032251465 0.6752744945856939 1.5945720215937018
298 2086 0.6743806777018622 0.6795692308927114 0.9225704931975254 0.9983823607749476 0.034795022476744555 0.6403828893644687 1.6089434612254272
299 2093 0.6743806777018622 0.6795692308927114 0.9225704931975254 0.9983823607749476 0.034795022476744555 0.6403828893644687 1.6089434612254272
300 2100 0.6743806777018622 0.6795692308927114 0.9225704931975254 0.9983823607749476 0.034795022476744555 0.6403828893644687 1.6089434612254272
301 2107 0.655752911319566 0.6594153780280887 0.9163903111010334 0.9983861554168255 0.03770432263469325 0.6610956184558631 1.6004783557777715
302 2114 0.655752911319566 0.6594153780280887 0.9163903111010334 0.9983861554168255 0.03770432263469325 0.6610956184558631 1.6004783557777715
303 2121 0.655752911319566 0.6594153780280887 0.9163903111010334 0.9983861554168255 0.03770432263469325 0.6610956184558631 1.6004783557777715
304 2128 0.6221060522591004 0.6282917203761421 0.9106497976788874 0.9985834886627609 0.03004961735613093 0.6876967643323941 1.5893930227679705
305 2135 0.6221060522591004 0.6282917203761421 0.9106497976788874 0.9985834886627609 0.03004961735613093 0.6876967643323941 1.5893930227679705
306 2142 0.6221060522591004 0.6282917203761421 0.9106497976788874 0.9985834886627609 0.03004961735613093 0.6876967643323941 1.5893930227679705
307 2149 0.2494735704902707 0.2600224466244014 0.8202828495162366 0.9964874410127178 0.05048887585126035 0.9332419209243931 1.4582559413369882
308 2156 0.2494735704902707 0.2600224466244014 0.8202828495162366 0.9964874410127178 0.05048887585126035 0.9332419209243931 1.4582559413369882
309 2163 0.2494735704902707 0.2600224466244014 0.8202828495162366 0.9964874410127178 0.05048887585126035 0.9332419209243931 1.4582559413369882
310 2170 0.3432596573420278 0.35574478499299017 0.8448718296016204 0.995429050153535 0.05587664977277105 0.8824537879291952 1.489346538646928
311 2177 0.3432596573420278 0.35574478499299017 0.8448718296016204 0.995429050153535 0.05587664977277105 0.8824537879291952 1.489346538646928
312 2184 0.3432596573420278 0.35574478499299017 0.8448718296016204 0.995429050153535 0.05587664977277105 0.8824537879291952 1.489346538646928
313 2191 0.24488992142607535 0.25086561199210333 0.8154494636166683 0.9976683902588287 0.045000565160800005 0.9391814477689802 1.454617873292423
314 2198 0.24488992142607535 0.25086561199210333 0.8154494636166683 0.9976683902588287 0.045000565160800005 0.9391814477689802 1.454617873292423
315 2205 0.24488992142607535 0.25086561199210333 0.8154494636166683 0.9976683902588287 0.045000565160800005 0.9391814477689802 1.454617873292423
316 2212 0.20091010930995823 0.20679078613653518 0.8048367319246046 0.9983047036940508 0.0374844391713161 0.9574294618979761 1.4428872936961372
317 2219 0.20091010930995823 0.20679078613653518 0.8048367319246046 0.9983047036940508 0.0374844391713161 0.9574294618979761 1.4428872936961372
318 2226 0.20091010930995823 0.20679078613653518 0.8048367319246046 0.9983047036940508 0.0374844391713161 0.9574294618979761 1.4428872936961372
319 2233 0.5330900425356475 0.5365708804102342 0.885345413416178 0.9981227532102394 0.041712912841684054 0.7660575888430302 1.552873402270212
320 2240 0.5330900425356475 0.5365708804102342 0.885345413416178 0.9981227532102394 0.041712912841684054 0.7660575888430302 1.552873402270212
321 2247 0.5330900425356475 0.5365708804102342 0.885345413416178 0.9981227532102394 0.041712912841684054 0.7660575888430302 1.552873402270212
322 2254 0.6615957074030753 0.6618680230284754 0.915021807843366 0.9991340871562627 0.029408401702882603 0.6619935356994352 1.6002811329892763
323 2261 0.6615957074030753 0.6618680230284754 0.915021807843366 0.9991340871562627 0.029408401702882603 0.6619935356994352 1.6002811329892763
324 2268 0.6615957074030753 0.6618680230284754 0.915021807843366 0.9991340871562627 0.029408401702882603 0.6619935356994352 1.6002811329892763
325 2275 0.738835330287988 0.7389606277437072 0.9342158943538159 0.999175685768133 0.02870603871337248 0.5840416131374441 1.6303592725117975
326 2282 0.738835330287988 0.7389606277437072 0.9342158943538159 0.999175685768133 0.02870603871337248 0.5840416131374441 1.6303592725117975
327 2289 0.738835330287988 0.7389606277437072 0.9342158943538159 0.999175685768133 0.02870603871337248 0.5840416131374441 1.6303592725117975
328 2296 0.7306583781250595 0.7308650619379655 0.9325772950665863 0.9996080222965539 0.019779854942334914 0.5928258305050552 1.627318743216722
329 2303 0.7306583781250595 0.7308650619379655 0.9325772950665863 0.9996080222965539 0.019779854942334914 0.5928258305050552 1.627318743216722
330 2310 0.7306583781250595 0.7308650619379655 0.9325772950665863 0.9996080222965539 0.019779854942334914 0.5928258305050552 1.627318743216722
331 2317 0.7422208661010048 0.7437943402651996 0.9368845200304042 0.9996744391212776 0.016761539773198705 0.5772934166330831 1.6329272371714951
332 2324 0.7422208661010048 0.7437943402651996 0.9368845200304042 0.9996744391212776 0.016761539773198705 0.5772934166330831 1.6329272371714951
333 2331 0.7422208661010048 0.7437943402651996 0.9368845200304042 0.9996744391212776 0.016761539773198705 0.5772934166330831 1.6329272371714951
334 2338 0.863433139132814 0.8649064528516691 0.9671232929310267 0.9997222592386241 0.01442219493378611 0.4202877362711762 1.6802232646387625
335 2345 0.863433139132814 0.8649064528516691 0.9671232929310267 0.9997222592386241 0.01442219493378611 0.4202877362711762 1.6802232646387625
336 2352 0.863433139132814 0.8649064528516691 0.9671232929310267 0.9997222592386241 0.01442219493378611 0.4202877362711762 1.6802232646387625
337 2359 0.8946659497246503 0.8961877027278908 0.975067146596804 0.9998385415498678 0.008120635314997874 0.3682083516644738 1.6924410373914391
338 2366 0.8946659497246503 0.8961877027278908 0.975067146596804 0.9998385415498678 0.008120635314997874 0.3682083516644738 1.6924410373914391
339 2373 0.8946659497246503 0.8961877027278908 0.975067146596804 0.9998385415498678 0.008120635314997874 0.3682083516644738 1.6924410373914391
340 2380 0.8613454174269015 0.862693990840371 0.9666224178362981 0.999916653421471 0.005091405407379432 0.4239693326280617 1.6793522806671304
341 2387 0.8613454174269015 0.862693990840371 0.9666224178362981 0.999916653421471 0.005091405407379432 0.4239693326280617 1.6793522806671304
342 2394 0.8613454174269015 0.862693990840371 0.9666224178362981 0.999916653421471 0.005091405407379432 0.4239693326280617 1.6793522806671304
343 2401 0.6533577220261628 0.6559771776133638 0.9158615611975277 0.9998702334717147 0.005728417501834862 0.6655364915261951 1.5990710940042434
344 2408 0.6533577220261628 0.6559771776133638 0.9158615611975277 0.9998702334717147 0.005728417501834862 0.6655364915261951 1.5990710940042434
345 2415 0.6533577220261628 0.6559771776133638 0.9158615611975277 0.9998702334717147 0.005728417501834862 0.6655364915261951 1.5990710940042434
346 2422 0.560547464847637 0.5633554259163931 0.892852665695723 0.9998771178867433 0.005480900504420024 0.7457120726078463 1.5632925076570194
347 2429 0.560547464847637 0.5633554259163931 0.892852665695723 0.9998771178867433 0.005480900504420024 0.7457120726078463 1.5632925076570194
348 2436 0.560547464847637 0.5633554259163931 0.892852665695723 0.9998771178867433 0.005480900504420024 0.7457120726078463 1.5632925076570194
349 2443 0.7315433184498874 0.7334713640081503 0.9347437678336353 0.9999065235505342 0.005357578059218263 0.5882811563231382 1.629078444235406
350 2450 0.7315433184498874 0.7334713640081503 0.9347437678336353 0.9999065235505342 0.005357578059218263 0.5882811563231382 1.629078444235406
351 2457 0.7315433184498874 0.7334713640081503 0.9347437678336353 0.9999065235505342 0.005357578059218263 0.5882811563231382 1.629078444235406
352 2464 0.5916954045883256 0.5950517909553588 0.901118861461287 0.9997848319295631 0.00864535888972707 0.7191186965455567 1.575688280735846
353 2471 0.5916954045883256 0.5950517909553588 0.901118861461287 0.9997848319295631 0.00864535888972707 0.7191186965455567 1.575688280735846
354 2478 0.5916954045883256 0.5950517909553588 0.901118861461287 0.9997848319295631 0.00864535888972707 0.7191186965455567 1.575688280735846
355 2485 0.6741711993649924 0.6767409407862844 0.9209499271038414 0.999783181121735 0.010894342225778725 0.6457686712748913 1.607129159870895
356 2492 0.6741711993649924 0.6767409407862844 0.9209499271038414 0.999783181121735 0.010894342225778725 0.6457686712748913 1.607129159870895
357 2499 0.6741711993649924 0.6767409407862844 0.9209499271038414 0.999783181121735 0.010894342225778725 0.6457686712748913 1.607129159870895
358 2506 0.6752258618026044 0.6783679909144088 0.9217786472462873 0.9997734035784422 0.00889223025646663 0.6436621567896043 1.6079863047171827
359 2513 0.6752258618026044 0.6783679909144088 0.9217786472462873 0.9997734035784422 0.00889223025646663 0.6436621567896043 1.6079863047171827
360 2520 0.6752258618026044 0.6783679909144088 0.9217786472462873 0.9997734035784422 0.00889223025646663 0.6436621567896043 1.6079863047171827
361 2527 0.8061537052582565 0.80721583470224 0.9525275998499565 0.9999027254552117 0.008439967507392156 0.5023420238154607 1.6575829566140758
362 2534 0.8061537052582565 0.80721583470224 0.9525275998499565 0.9999027254552117 0.008439967507392156 0.5023420238154607 1.6575829566140758
363 2541 0.8061537052582565 0.80721583470224 0.9525275998499565 0.9999027254552117 0.008439967507392156 0.5023420238154607 1.6575829566140758
364 2548 0.9181016473002254 0.9183900949156788 0.9797873054247971 0.9999645946457163 0.0055801233963842884 0.3284714978735844 1.700610283782726
365 2555 0.9181016473002254 0.9183900949156788 0.9797873054247971 0.9999645946457163 0.0055801233963842884 0.3284714978735844 1.700610283782726
366 2562 0.9181016473002254 0.9183900949156788 0.9797873054247971 0.9999645946457163 0.0055801233963842884 0.3284714978735844 1.700610283782726
367 2569 0.9434829531157121 0.9437887841876316 0.9861494151253871 0.9999637943660529 0.005414542490341106 0.27256552726965244 1.7104615505979186
368 2576 0.9434829531157121 0.9437887841876316 0.9861494151253871 0.9999637943660529 0.005414542490341106 0.27256552726965244 1.7104615505979186
369 2583 0.9434829531157121 0.9437887841876316 0.9861494151253871 0.9999637943660529 0.005414542490341106 0.27256552726965244 1.7104615505979186
370 2590 0.9638344300850196 0.9640039390890646 0.9911028480179896 0.9999663086569197 0.005515612818449903 0.2183179612999563 1.7182278212708197
371 2597 0.9638344300850196 0.9640039390890646 0.9911028480179896 0.9999663086569197 0.005515612818449903 0.2183179612999563 1.7182278212708197
372 2604 0.9638344300850196 0.9640039390890646 0.9911028480179896 0.9999663086569197 0.005515612818449903 0.2183179612999563 1.7182278212708197
373 2611 0.9760672349905151 0.9761808707767208 0.9941097776468935 0.9999724441507453 0.005034720564563124 0.17764546878827595 1.7229093821231083
374 2618 0.9760672349905151 0.9761808707767208 0.9941097776468935 0.9999724441507453 0.005034720564563124 0.17764546878827595 1.7229093821231083
375 2625 0.9760672349905151 0.9761808707767208 0.9941097776468935 0.9999724441507453 0.005034720564563124 0.17764546878827595 1.7229093821231083
376 2632 0.9684750115477928 0.968558983447674 0.992182808857197 0.9999734454271568 0.005063597564267195 0.20427103431983695 1.7199557274876616
377 2639 0.9684750115477928 0.968558983447674 0.992182808857197 0.9999734454271568 0.005063597564267195 0.20427103431983695 1.7199557274876616
378 2646 0.9684750115477928 0.968558983447674 0.992182808857197 0.9999734454271568 0.005063597564267195 0.20427103431983695 1.7199557274876616
379 2653 0.9475095056353088 0.9475566743133987 0.9868986908747329 0.9999655277170876 0.0058564281792234125 0.26388866255406296 1.7118202230445838
380 2660 0.9475095056353088 0.9475566743133987 0.9868986908747329 0.9999655277170876 0.0058564281792234125 0.26388866255406296 1.7118202230445838
381 2667 0.9475095056353088 0.9475566743133987 0.9868986908747329 0.9999655277170876 0.0058564281792234125 0.26388866255406296 1.7118202230445838
382 2674 0.9593244537991998 0.9594935630457577 0.9899720736564774 0.9999624679468261 0.005885177543417101 0.23162187608156887 1.7164838103535196
383 2681 0.9593244537991998 0.9594935630457577 0.9899720736564774 0.9999624679468261 0.005885177543417101 0.23162187608156887 1.7164838103535196
384 2688 0.9593244537991998 0.9594935630457577 0.9899720736564774 0.9999624679468261 0.005885177543417101 0.23162187608156887 1.7164838103535196
385 2695 0.9772369676968422 0.9774167383751589 0.9944645285624734 0.9999673546132615 0.005177128189969914 0.17270909028348777 1.723410794754737
386 2702 0.9772369676968422 0.9774167383751589 0.9944645285624734 0.9999673546132615 0.005177128189969914 0.17270909028348777 1.723410794754737
387 2709 0.9772369676968422 0.9774167383751589 0.9944645285624734 0.9999673546132615 0.005177128189969914 0.17270909028348777 1.723410794754737
388 2716 0.9680376045527692 0.9684352465043473 0.9923734827512201 0.9999552528819329 0.0049105829221432595 0.20368587255661313 1.7200255671053895
389 2723 0.9680376045527692 0.9684352465043473 0.9923734827512201 0.9999552528819329 0.0049105829221432595 0.20368587255661313 1.7200255671053895
390 2730 0.9680376045527692 0.9684352465043473 0.9923734827512201 0.9999552528819329 0.0049105829221432595 0.20368587255661313 1.7200255671053895
391 2737 0.947512897597892 0.9482751299490059 0.9875854988528717 0.9999267228030465 0.005142886668214113 0.26032892325115814 1.7123674846351207
392 2744 0.947512897597892 0.9482751299490059 0.9875854988528717 0.9999267228030465 0.005142886668214113 0.26032892325115814 1.7123674846351207
393 2751 0.947512897597892 0.9482751299490059 0.9875854988528717 0.9999267228030465 0.005142886668214113 0.26032892325115814 1.7123674846351207
394 2758 0.872640867800194 0.8744842919670954 0.9698855695456601 0.9998425712382802 0.0063415674681100865 0.4045850380319011 1.6841231343113756
395 2765 0.872640867800194 0.8744842919670954 0.9698855695456601 0.9998425712382802 0.0063415674681100865 0.4045850380319011 1.6841231343113756
396 2772 0.872640867800194 0.8744842919670954 0.9698855695456601 0.9998425712382802 0.0063415674681100865 0.4045850380319011 1.6841231343113756
397 2779 0.8341565534891417 0.8363921346628326 0.9606419190995545 0.9998229327381044 0.006500539299907445 0.46150763891719904 1.6694215891169861
398 2786 0.8341565534891417 0.8363921346628326 0.9606419190995545 0.9998229327381044 0.006500539299907445 0.46150763891719904 1.6694215891169861
399 2793 0.8341565534891417 0.8363921346628326 0.9606419190995545 0.9998229327381044 0.006500539299907445 0.46150763891719904 1.6694215891169861
400 2800 0.754838002057544 0.7583252733893309 0.9419425569388448 0.9996610467902293 0.010343377220128215 0.5589162577807228 1.6393613486160017
401 2807 0.754838002057544 0.7583252733893309 0.9419425569388448 0.9996610467902293 0.010343377220128215 0.5589162577807228 1.6393613486160017
402 2814 0.754838002057544 0.7583252733893309 0.9419425569388448 0.9996610467902293 0.010343377220128215 0.5589162577807228 1.6393613486160017
403 2821 0.7890181577835857 0.7915815463242153 0.9496221679280483 0.9997389865886964 0.010889922838936115 0.5202852040287419 1.6520244296163822
404 2828 0.7890181577835857 0.7915815463242153 0.9496221679280483 0.9997389865886964 0.010889922838936115 0.5202852040287419 1.6520244296163822
405 2835 0.7890181577835857 0.7915815463242153 0.9496221679280483 0.9997389865886964 0.010889922838936115 0.5202852040287419 1.6520244296163822
406 2842 0.7894645789004329 0.7925658306556271 0.9501552196926146 0.9995837642830827 0.01436329338624061 0.5184095769905914 1.6525874277288746
407 2849 0.7894645789004329 0.7925658306556271 0.9501552196926146 0.9995837642830827 0.01436329338624061 0.5184095769905914 1.6525874277288746
408 2856 0.7894645789004329 0.7925658306556271 0.9501552196926146 0.9995837642830827 0.01436329338624061 0.5184095769905914 1.6525874277288746
409 2863 0.7920133516185653 0.7968377494214973 0.9523361900000351 0.9993446057232824 0.011565348642019517 0.5111005472585215 1.6548844289867581
410 2870 0.7920133516185653 0.7968377494214973 0.9523361900000351 0.9993446057232824 0.011565348642019517 0.5111005472585215 1.6548844289867581
411 2877 0.7920133516185653 0.7968377494214973 0.9523361900000351 0.9993446057232824 0.011565348642019517 0.5111005472585215 1.6548844289867581
412 2884 0.7044259369885233 0.7124336640866853 0.9332023613146876 0.9987841999591931 0.012169604334549387 0.6047648447112501 1.6229945727979866
413 2891 0.7044259369885233 0.7124336640866853 0.9332023613146876 0.9987841999591931 0.012169604334549387 0.6047648447112501 1.6229945727979866
414 2898 0.7044259369885233 0.7124336640866853 0.9332023613146876 0.9987841999591931 0.012169604334549387 0.6047648447112501 1.6229945727979866
415 2905 0.42206133674945456 0.4378174284871913 0.8692451404229126 0.997298285997083 0.01413127782748888 0.8297675105619406 1.5202914804085437
416 2912 0.42206133674945456 0.4378174284871913 0.8692451404229126 0.997298285997083 0.01413127782748888 0.8297675105619406 1.5202914804085437
417 2919 0.42206133674945456 0.4378174284871913 0.8692451404229126 0.997298285997083 0.01413127782748888 0.8297675105619406 1.5202914804085437
418 2926 0.43861493573107846 0.45372985367084107 0.8728422147464046 0.9974314171651631 0.014978395471342928 0.8192897143335793 1.5259554422250685
419 2933 0.43861493573107846 0.45372985367084107 0.8728422147464046 0.9974314171651631 0.014978395471342928 0.8192897143335793 1.5259554422250685
420 2940 0.43861493573107846 0.45372985367084107 0.8728422147464046 0.9974314171651631 0.014978395471342928 0.8192897143335793 1.5259554422250685
421 2947 0.04070583948498028 0.06204661615903348 0.7784695479787465 0.9959364152445976 0.019827568077252177 0.9949235051480234 1.4176509042948877
422 2954 0.04070583948498028 0.06204661615903348 0.7784695479787465 0.9959364152445976 0.019827568077252177 0.9949235051480234 1.4176509042948877
423 2961 0.04070583948498028 0.06204661615903348 0.7784695479787465 0.9959364152445976 0.019827568077252177 0.9949235051480234 1.4176509042948877
424 2968 0.281551736593488 0.2970592963211425 0.8340079090039579 0.9974832201705752 0.01957938568957128 0.9134140933588122 1.4714928955688227
425 2975 0.281551736593488 0.2970592963211425 0.8340079090039579 0.9974832201705752 0.01957938568957128 0.9134140933588122 1.4714928955688227
426 2982 0.281551736593488 0.2970592963211425 0.8340079090039579 0.9974832201705752 0.01957938568957128 0.9134140933588122 1.4714928955688227
427 2989 0.4480781007001331 0.4664184045159977 0.8771784310706764 0.9957581361063713 0.026801958195305047 0.8086383516988432 1.5314652040443735
428 2996 0.4480781007001331 0.4664184045159977 0.8771784310706764 0.9957581361063713 0.026801958195305047 0.8086383516988432 1.5314652040443735
429 3003 0.4480781007001331 0.4664184045159977 0.8771784310706764 0.9957581361063713 0.026801958195305047 0.8086383516988432 1.5314652040443735
430 3010 0.029987326524795903 0.05714116476188207 0.7796070838293896 0.9932752186148059 0.027912266504648474 0.9958904069415965 1.41683563010685
431 3017 0.029987326524795903 0.05714116476188207 0.7796070838293896 0.9932752186148059 0.027912266504648474 0.9958904069415965 1.41683563010685
432 3024 0.029987326524795903 0.05714116476188207 0.7796070838293896 0.9932752186148059 0.027912266504648474 0.9958904069415965 1.41683563010685
433 3031 -0.042874215694583565 -0.015205191677784204 0.7616411199610624 0.9929208664905453 0.030785823916545173 1.0029045726580639 1.4118196241685146
434 3038 -0.042874215694583565 -0.015205191677784204 0.7616411199610624 0.9929208664905453 0.030785823916545173 1.0029045726580639 1.4118196241685146
435 3045 -0.042874215694583565 -0.015205191677784204 0.7616411199610624 0.9929208664905453 0.030785823916545173 1.0029045726580639 1.4118196241685146
436 3052 0.20360881521063556 0.23277504081313066 0.8241890681722862 0.9921608516895096 0.022936214754450117 0.9401817168576243 1.4544869436813062
437 3059 0.20360881521063556 0.23277504081313066 0.8241890681722862 0.9921608516895096 0.022936214754450117 0.9401817168576243 1.4544869436813062
438 3066 0.20360881521063556 0.23277504081313066 0.8241890681722862 0.9921608516895096 0.022936214754450117 0.9401817168576243 1.4544869436813062
439 3073 0.4043845852979254 0.4266704537834414 0.8694107467675982 0.9947049759434679 0.017697995760646366 0.833952900359366 1.517962233037521
440 3080 0.4043845852979254 0.4266704537834414 0.8694107467675982 0.9947049759434679 0.017697995760646366 0.833952900359366 1.517962233037521
441 3087 0.4043845852979254 0.4266704537834414 0.8694107467675982 0.9947049759434679 0.017697995760646366 0.833952900359366 1.517962233037521
442 3094 0.5846443620215006 0.6030268774988176 0.9110813016409647 0.9953835942110301 0.014294478073257148 0.7013424148605857 1.5836396323072162
443 3101 0.5846443620215006 0.6030268774988176 0.9110813016409647 0.9953835942110301 0.014294478073257148 0.7013424148605857 1.5836396323072162
444 3108 0.5846443620215006 0.6030268774988176 0.9110813016409647 0.9953835942110301 0.014294478073257148 0.7013424148605857 1.5836396323072162
445 3115 0.5612831074091309 0.5767944281150393 0.9033893518549093 0.9967430057289575 0.016965157438062903 0.7255737435013451 1.5726585535883324
446 3122 0.5612831074091309 0.5767944281150393 0.9033893518549093 0.9967430057289575 0.016965157438062903 0.7255737435013451 1.5726585535883324
447 3129 0.5612831074091309 0.5767944281150393 0.9033893518549093 0.9967430057289575 0.016965157438062903 0.7255737435013451 1.5726585535883324
448 3136 0.47938223503342925 0.49276873270467003 0.8816080180964856 0.99783461555585 0.01538207176971722 0.7925835848389509 1.5399917704039552
449 3143 0.47938223503342925 0.49276873270467003 0.8816080180964856 0.99783461555585 0.01538207176971722 0.7925835848389509 1.5399917704039552
450 3150 0.47938223503342925 0.49276873270467003 0.8816080180964856 0.99783461555585 0.01538207176971722 0.7925835848389509 1.5399917704039552
451 3157 0.6836283119313025 0.6922073285033836 0.9285315234996978 0.9987272385930547 0.010710894684545173 0.6250597301339006 1.6152973752532356
452 3164 0.6836283119313025 0.6922073285033836 0.9285315234996978 0.9987272385930547 0.010710894684545173 0.6250597301339006 1.6152973752532356
453 3171 0.6836283119313025 0.6922073285033836 0.9285315234996978 0.9987272385930547 0.010710894684545173 0.6250597301339006 1.6152973752532356
454 3178 0.5434537609947396 0.5566350188251947 0.8974120192237622 0.9978230948594962 0.010823467525463096 0.7436753002746768 1.564234605266133
455 3185 0.5434537609947396 0.5566350188251947 0.8974120192237622 0.9978230948594962 0.010823467525463096 0.7436753002746768 1.564234605266133
456 3192 0.5434537609947396 0.5566350188251947 0.8974120192237622 0.9978230948594962 0.010823467525463096 0.7436753002746768 1.564234605266133
457 3199 0.5278285639401661 0.5389552627809986 0.8919609644313811 0.9985028328073428 0.008739279671452754 0.7590935997059588 1.556823860260458
458 3206 0.5278285639401661 0.5389552627809986 0.8919609644313811 0.9985028328073428 0.008739279671452754 0.7590935997059588 1.556823860260458
459 3213 0.5278285639401661 0.5389552627809986 0.8919609644313811 0.9985028328073428 0.008739279671452754 0.7590935997059588 1.556823860260458
460 3220 0.8129457340391549 0.8167390501340983 0.956726002585458 0.9995950039743013 0.0072421122118839654 0.4864897472650898 1.6623102230380045
461 3227 0.8129457340391549 0.8167390501340983 0.956726002585458 0.9995950039743013 0.0072421122118839654 0.4864897472650898 1.6623102230380045
462 3234 0.8129457340391549 0.8167390501340983 0.956726002585458 0.9995950039743013 0.0072421122118839654 0.4864897472650898 1.6623102230380045
463 3241 0.7203409122873619 0.7264421075839114 0.9356660851812384 0.9993062157504645 0.007125657921568047 0.5916871131327731 1.62783770233761
464 3248 0.7203409122873619 0.7264421075839114 0.9356660851812384 0.9993062157504645 0.007125657921568047 0.5916871131327731 1.62783770233761
465 3255 0.7203409122873619 0.7264421075839114 0.9356660851812384 0.9993062157504645 0.007125657921568047 0.5916871131327731 1.62783770233761
466 3262 0.7399823788795656 0.7446739362255469 0.9393648646360128 0.9995702834268536 0.005288187033289643 0.5731206811941755 1.6344738357849062
467 3269 0.7399823788795656 0.7446739362255469 0.9393648646360128 0.9995702834268536 0.005288187033289643 0.5731206811941755 1.6344738357849062
468 3276 0.7399823788795656 0.7446739362255469 0.9393648646360128 0.9995702834268536 0.005288187033289643 0.5731206811941755 1.6344738357849062
469 3283 0.7432236278281665 0.7494777162034576 0.941477251924443 0.9992230087894802 0.00684814549239763 0.5661548771664734 1.6368939360764734
470 3290 0.7432236278281665 0.7494777162034576 0.941477251924443 0.9992230087894802 0.00684814549239763 0.5661548771664734 1.6368939360764734
