% # columns="iteration, evaluation, min max(neg(.)) min(pos(.)) max correlation, correlation matrix principal axes lengths  (sorted square roots of eigenvalues of correlation matrix)", seed=859333, Fri Jun  2 16:21:25 2023
1 7 -0.15494836243453808 -0.13564146092907997 0.06730240311225769 0.11564345628724547 0.9154595481002716 0.9627237891728636 1.1113490547765315
2 14 -0.1298598902902949 -0.10326279882875042 0.06454161538790659 0.09387932866524776 0.9154595481002716 0.9627237891728636 1.1113490547765315
3 21 -0.09812181359415469 -0.03755678512204046 0.1752747959480075 0.18565362783257594 0.9154595481002716 0.9627237891728636 1.1113490547765315
4 28 -0.2399170407748327 -0.1880367624117277 0.047380860259114796 0.07397312278629062 0.8696875876657901 0.9909411492011614 1.1232449148248744
5 35 -0.12261026229012169 -0.12208264566348623 -0.07505623307793122 -0.059908378842715 0.8696875876657901 0.9909411492011614 1.1232449148248744
6 42 0.0597630087680244 0.06494557127760783 0.10508007159366514 0.11327567585610081 0.8696875876657901 0.9909411492011614 1.1232449148248744
7 49 -0.15335685498608168 -0.12476834262593194 0.11651231839348962 0.16835069303981373 0.8892843836663192 0.9803962119639561 1.1171376605118728
8 56 -0.06484623911329443 -0.04372125286443301 0.14399263056522224 0.1854389387929126 0.8892843836663192 0.9803962119639561 1.1171376605118728
9 63 -0.08314444521002375 -0.060254623192205106 0.0790347194885033 0.10257467836425412 0.8892843836663192 0.9803962119639561 1.1171376605118728
10 70 -0.1621796610159946 -0.12764863422983103 0.021820404513004602 0.03711239064111957 0.9150285701389947 0.9948437289103105 1.0830552483032503
11 77 -0.172469236783035 -0.1378155738094536 -0.015338569232493573 -0.009166564013754947 0.9150285701389947 0.9948437289103105 1.0830552483032503
12 84 -0.13313652564377323 -0.10223254801176085 0.05020054682847132 0.07010760080986965 0.9150285701389947 0.9948437289103105 1.0830552483032503
13 91 -0.06527092700566303 -0.04634617137130401 0.0827863517375992 0.10690577047287456 0.9327032815078861 1.0046205083415796 1.0586794712678276
14 98 0.003314137178982617 0.06789317992278576 0.2812897905168805 0.2878429513044423 0.9327032815078861 1.0046205083415796 1.0586794712678276
15 105 -0.26514163066480173 -0.12915238656296674 0.3138845508854669 0.32557428593310983 0.9327032815078861 1.0046205083415796 1.0586794712678276
16 112 -0.2524766950438062 -0.12575849758051183 0.28730474666344963 0.2982742972814757 0.6801902266321396 1.1131238726285593 1.1394281459480091
17 119 -0.45693713949684844 -0.3478727424372055 0.34343373461838755 0.464804829910609 0.6801902266321396 1.1131238726285593 1.1394281459480091
18 126 -0.5772526458022651 -0.44434889174603054 0.2524325592997 0.35178928892537564 0.6801902266321396 1.1131238726285593 1.1394281459480091
19 133 -0.612818095995287 -0.504388385096781 0.3289701453843145 0.49832661131284023 0.540227151208647 0.9083383185129413 1.372252208676697
20 140 -0.4507150430131728 -0.40021721890802303 0.27535808287375996 0.4500520260292045 0.540227151208647 0.9083383185129413 1.372252208676697
21 147 -0.4853707797233257 -0.43998306137346516 0.32213033609162983 0.530780416896801 0.540227151208647 0.9083383185129413 1.372252208676697
22 154 -0.26457887394455704 -0.2261135497355875 0.41131144675495096 0.585321121376161 0.6269557965903979 0.9581167211919953 1.2995917734788878
23 161 -0.34925584932918197 -0.2970601176708032 0.333386479864641 0.49133961405141025 0.6269557965903979 0.9581167211919953 1.2995917734788878
24 168 -0.4115807184672415 -0.3708223072145399 0.3010099037522652 0.484195562821832 0.6269557965903979 0.9581167211919953 1.2995917734788878
25 175 -0.42269812385879685 -0.2738268290912463 0.26566600191375017 0.29662565081453174 0.6272269594374339 1.0769962444929837 1.2027740563808653
26 182 -0.2839756713341527 -0.13488164607650494 0.32357165919474357 0.32729540236084526 0.6272269594374339 1.0769962444929837 1.2027740563808653
27 189 -0.27205983406488876 -0.1460266037985537 0.321780152646335 0.3516825078616295 0.6272269594374339 1.0769962444929837 1.2027740563808653
28 196 -0.23013480405222916 -0.14020766364272313 0.3665097531603143 0.4454884183518208 0.6620395117053739 1.0503093435827437 1.207706076710595
29 203 -0.2323629222027962 -0.13321611416219542 0.4201796379577698 0.5054980806238242 0.6620395117053739 1.0503093435827437 1.207706076710595
30 210 -0.2613984551379311 -0.18543240448964207 0.4609442510730785 0.600437085612363 0.6620395117053739 1.0503093435827437 1.207706076710595
31 217 -0.3326699108226184 -0.2533956688683584 0.5325207050889946 0.7152185877871855 0.4659043846029025 0.9940280435494322 1.3397168928714303
32 224 -0.3245514660799995 -0.23965280854697835 0.5226868255056683 0.6919013793235294 0.4659043846029025 0.9940280435494322 1.3397168928714303
33 231 -0.3765729455609116 -0.3033801507513452 0.5276922625313571 0.7315236054826917 0.4659043846029025 0.9940280435494322 1.3397168928714303
34 238 -0.4355899351319905 -0.36826200358091327 0.4579600529842278 0.6660394736215309 0.5226783714696618 0.9213076284418149 1.3704012455382333
35 245 -0.3095248505837768 -0.242202963649579 0.46364035069458737 0.6315995685417783 0.5226783714696618 0.9213076284418149 1.3704012455382333
36 252 -0.3482508577902031 -0.25726616041379535 0.45508773229994 0.6015543324947773 0.5226783714696618 0.9213076284418149 1.3704012455382333
37 259 -0.31032458751637426 -0.2380512271194184 0.462645582132287 0.623937824819233 0.558071232871156 0.9915012515920755 1.3059409508599602
38 266 -0.44692423485303573 -0.3968215880836454 0.45050310294710366 0.6828420198546298 0.558071232871156 0.9915012515920755 1.3059409508599602
39 273 -0.20446507382264037 -0.17610996782172836 0.5661662959371361 0.785236611189179 0.558071232871156 0.9915012515920755 1.3059409508599602
40 280 -0.1392462387885351 -0.09723251016303451 0.6290323489361669 0.8291069066770669 0.39258969734197996 1.0046896822314197 1.3551649242651835
41 287 -0.20151073988814472 -0.12162221311748708 0.6147816941726367 0.7803611364986871 0.39258969734197996 1.0046896822314197 1.3551649242651835
42 294 -0.018468212284862957 0.013717434394824398 0.6034433519836121 0.767833011166854 0.39258969734197996 1.0046896822314197 1.3551649242651835
43 301 -0.06562139477142172 -0.05173958416703322 0.5791497788539304 0.775564422589863 0.4716441232498765 0.999151771954376 1.3338843868957633
44 308 -0.08710889010236673 -0.07204167356857791 0.4826488132751541 0.6524784256892758 0.4716441232498765 0.999151771954376 1.3338843868957633
45 315 0.055814861773478386 0.059768371044347526 0.47578647440965377 0.6105056662605534 0.4716441232498765 0.999151771954376 1.3338843868957633
46 322 0.024686148558950273 0.05433085522458525 0.4490946522562108 0.551037877934451 0.6604589014507274 0.9939786781291414 1.2553088970126611
47 329 0.023825948151755184 0.081864719674565 0.48824550899442215 0.5656670005782314 0.6604589014507274 0.9939786781291414 1.2553088970126611
48 336 0.0025998071617766567 0.08313653383519243 0.5022722178345972 0.5614473858276496 0.6604589014507274 0.9939786781291414 1.2553088970126611
49 343 0.006492863233662848 0.0554927819992002 0.4967672873247652 0.5948588703344162 0.6112096736203531 0.9980174810415999 1.2768648489203078
50 350 -0.1517623185505457 -0.06594769481531276 0.4904407551381872 0.5900889480541208 0.6112096736203531 0.9980174810415999 1.2768648489203078
51 357 -0.1012679510793271 -0.01452392345073425 0.4824869728971427 0.5614132440511755 0.6112096736203531 0.9980174810415999 1.2768648489203078
52 364 0.020015718150360552 0.12331503685993472 0.5285714686172556 0.5603576271601216 0.5489181203623229 0.9902677633132707 1.310747364704742
53 371 -0.09706218746656231 0.03559214391989966 0.5685730247904377 0.6135789870274884 0.5489181203623229 0.9902677633132707 1.310747364704742
54 378 -0.1677680278954153 -0.028564734690912696 0.5714582319945897 0.6322625943519212 0.5489181203623229 0.9902677633132707 1.310747364704742
55 385 -0.25864914787118676 -0.09575340653618354 0.5159262610879707 0.5569237422943522 0.4261431495082511 1.1128986382707278 1.256924276582463
56 392 -0.37963564393554156 -0.1825078655344866 0.42583766732838857 0.43149173321495865 0.4261431495082511 1.1128986382707278 1.256924276582463
57 399 -0.34995894241483105 -0.17847120082125315 0.43892174121456495 0.4732316469662598 0.4261431495082511 1.1128986382707278 1.256924276582463
58 406 -0.40819740726379966 -0.259272976454596 0.38229252531436464 0.4472232617614812 0.5420267912571252 1.089283417655704 1.232748390215868
59 413 -0.37368127059514333 -0.25220782666525343 0.46422994008703694 0.5815690850745772 0.5420267912571252 1.089283417655704 1.232748390215868
60 420 -0.2227755388434009 -0.1543497177176124 0.47928680188223344 0.6220731539563936 0.5420267912571252 1.089283417655704 1.232748390215868
61 427 -0.06546221789759002 -0.006590309240361462 0.5343059125621175 0.6557327445057153 0.551530306668821 1.0156685699264758 1.2900510365444087
62 434 -0.13910044170598745 -0.05781838269936919 0.557655314709692 0.6815311548394275 0.551530306668821 1.0156685699264758 1.2900510365444087
63 441 -0.07485445181168324 -0.004369870712112575 0.6216531824519214 0.7598429524070287 0.551530306668821 1.0156685699264758 1.2900510365444087
64 448 -0.1272262235808928 -0.04488468126730432 0.6329438013851778 0.7765450866224167 0.3985450926026768 1.0299769926325548 1.3342822804076813
65 455 -0.1669491595749273 -0.09530531237608368 0.6653635304066591 0.8472759641353963 0.3985450926026768 1.0299769926325548 1.3342822804076813
66 462 0.014683074122381665 0.09701040007281982 0.7138996087314972 0.8372020190006181 0.3985450926026768 1.0299769926325548 1.3342822804076813
67 469 0.047268526192052226 0.14579454822400034 0.7170798129404126 0.8089822124806019 0.31262409721621254 0.9799406555599812 1.3935503167881744
68 476 -0.17531140284462135 -0.0627141959957092 0.673437061203885 0.8062236067548376 0.31262409721621254 0.9799406555599812 1.3935503167881744
69 483 -0.3779333934018506 -0.26168951669206564 0.623856302092375 0.8027943649774035 0.31262409721621254 0.9799406555599812 1.3935503167881744
70 490 -0.4459399670016754 -0.3297999912498227 0.6233810625829028 0.8249681047752918 0.23311395011100308 1.0077580985761025 1.389273731493518
71 497 -0.4896655626283605 -0.369805084366452 0.6127417651154189 0.8203969033474674 0.23311395011100308 1.0077580985761025 1.389273731493518
72 504 -0.2812084773342709 -0.14069577676704795 0.6659923068425527 0.7943756341451966 0.23311395011100308 1.0077580985761025 1.389273731493518
73 511 -0.38447838848805127 -0.2623916316002385 0.6533966692306464 0.836572679286462 0.1917259806512488 1.038457885734344 1.3728970711234956
74 518 -0.4165564543618061 -0.28690940177471297 0.6187865701068479 0.7910381748136084 0.1917259806512488 1.038457885734344 1.3728970711234956
75 525 -0.5054740606651069 -0.36197629311005225 0.5486595987988427 0.7087071285467531 0.1917259806512488 1.038457885734344 1.3728970711234956
76 532 -0.463978579435764 -0.31230544922238757 0.5669090920258478 0.7083074755618832 0.2892130314799156 1.0631141228564336 1.3364670531686866
77 539 -0.44010717482261325 -0.299399505582723 0.5626414351566451 0.7092807461632109 0.2892130314799156 1.0631141228564336 1.3364670531686866
78 546 -0.5266026603215787 -0.39411301785904584 0.5395744042446019 0.7183139024832851 0.2892130314799156 1.0631141228564336 1.3364670531686866
79 553 -0.6653437568678795 -0.5391630593900003 0.5122848211906477 0.7365867505729845 0.2897091622366696 0.9166525096223985 1.440769508949674
80 560 -0.5717494551920974 -0.4183188260310894 0.529850864240665 0.692476798503575 0.2897091622366696 0.9166525096223985 1.440769508949674
81 567 -0.555428250749352 -0.39844096419914954 0.5020676758947868 0.6452499360425632 0.2897091622366696 0.9166525096223985 1.440769508949674
82 574 -0.622636708939593 -0.4912479309046699 0.49813248720859477 0.6965371818780932 0.33565279083293637 0.9505467425949201 1.4084736753479807
83 581 -0.7193481021633814 -0.5923328979602013 0.462381127350219 0.6869372649171791 0.33565279083293637 0.9505467425949201 1.4084736753479807
84 588 -0.7342044782114867 -0.6403926840679417 0.4950431445445528 0.7797099599385059 0.33565279083293637 0.9505467425949201 1.4084736753479807
85 595 -0.6963934563710209 -0.5987528927814485 0.5044256284493471 0.7745112386033732 0.3141818831144748 0.8344119111176216 1.4849399000995567
86 602 -0.4703299517442471 -0.3679096724226049 0.5426877086937106 0.7437998897441735 0.3141818831144748 0.8344119111176216 1.4849399000995567
87 609 -0.4403599669314409 -0.3649225267464071 0.5484096093699129 0.7774162145569857 0.3141818831144748 0.8344119111176216 1.4849399000995567
88 616 -0.36409085750973297 -0.2511455767492849 0.5593039462958223 0.7165085065504099 0.3982040801053699 1.0346658202695473 1.330751724009171
89 623 -0.39926029740100405 -0.2635976383790604 0.5605369440565627 0.6995858125131602 0.3982040801053699 1.0346658202695473 1.330751724009171
90 630 -0.5257265481363105 -0.41483952727964385 0.5703308730531298 0.787833985640721 0.3982040801053699 1.0346658202695473 1.330751724009171
91 637 -0.6052732183210271 -0.5023586445805092 0.531375567169518 0.7730390640123423 0.32604021185760673 0.9013827927676868 1.4426388464041067
92 644 -0.30606112897892634 -0.22421772007035543 0.6436985737397682 0.8511605961012386 0.32604021185760673 0.9013827927676868 1.4426388464041067
93 651 -0.40400789625234657 -0.32908261581636605 0.5921716615218479 0.8243311401986053 0.32604021185760673 0.9013827927676868 1.4426388464041067
94 658 -0.3386928280473376 -0.2564176146193263 0.593717444254789 0.7948205837848161 0.37343230376842984 0.9965349598113564 1.3665527389661851
95 665 -0.3272884960273158 -0.26095009715403367 0.5855642816354025 0.801397342358599 0.37343230376842984 0.9965349598113564 1.3665527389661851
96 672 -0.42716506690702033 -0.3731074115311509 0.5349098754489372 0.7835246490664304 0.37343230376842984 0.9965349598113564 1.3665527389661851
97 679 -0.3471750010377341 -0.2968207267892219 0.5458705599498564 0.776413381281037 0.44238210405213935 0.9448884244904577 1.3825642622599297
98 686 -0.3028618894037335 -0.1883167795585252 0.5570652834126355 0.6909808612244808 0.44238210405213935 0.9448884244904577 1.3825642622599297
99 693 -0.16250979658999234 -0.06078455749941227 0.5985354170994919 0.7165835028752132 0.44238210405213935 0.9448884244904577 1.3825642622599297
100 700 -0.30460693247953896 -0.2002951857700613 0.5538422305529122 0.700909622617759 0.4358713411681864 1.0399553919645852 1.3147277119890766
101 707 -0.27095316425433386 -0.16465030049744855 0.5374279414869008 0.6651511583914653 0.4358713411681864 1.0399553919645852 1.3147277119890766
102 714 -0.32171258459185675 -0.22109542813294855 0.5066943356759777 0.6486737671533782 0.4358713411681864 1.0399553919645852 1.3147277119890766
103 721 -0.454344034124646 -0.3461657348616864 0.47881259692546146 0.6456270749248845 0.46969161764253137 0.989768035825784 1.3415472483568782
104 728 -0.6469574314716616 -0.5133830882719747 0.4251928016110074 0.6044770883723144 0.46969161764253137 0.989768035825784 1.3415472483568782
105 735 -0.6894873177256673 -0.5333050790053976 0.36579810458425677 0.5093169270605385 0.46969161764253137 0.989768035825784 1.3415472483568782
106 742 -0.6629798707910441 -0.4715893864946227 0.3294632266097803 0.40509028001482644 0.41810437953638346 1.0444809798917631 1.316908580903336
107 749 -0.7467112912425402 -0.6008075343490592 0.38688534516273076 0.5702125481065131 0.41810437953638346 1.0444809798917631 1.316908580903336
108 756 -0.7553663639689365 -0.614531495360103 0.40509729987249227 0.6041386963411904 0.41810437953638346 1.0444809798917631 1.316908580903336
109 763 -0.7942028407721968 -0.6634341820575851 0.4296155893724313 0.6631968544678251 0.2975780106910936 0.8566727034989097 1.4756555176032788
110 770 -0.8302243486430115 -0.6906642341123282 0.39244410226761006 0.613920099863573 0.2975780106910936 0.8566727034989097 1.4756555176032788
111 777 -0.830278564985066 -0.666045627221543 0.33443422947849166 0.503694577281647 0.2975780106910936 0.8566727034989097 1.4756555176032788
112 784 -0.8624288914061257 -0.7043756957486936 0.32747045312585954 0.5133659737599453 0.29120906808709734 0.8945537999147852 1.4542939103640165
113 791 -0.8785811655821225 -0.6786829713834684 0.284367744534615 0.4054864556419888 0.29120906808709734 0.8945537999147852 1.4542939103640165
114 798 -0.8637538918056288 -0.6338533407386635 0.2795545229817595 0.35412325982160187 0.29120906808709734 0.8945537999147852 1.4542939103640165
115 805 -0.8308310302125759 -0.5885900051450277 0.2736381055759951 0.31880645074878783 0.23943909693060786 1.0445877035423206 1.360700352197072
116 812 -0.7396424710312268 -0.49218292263620933 0.30234018013473485 0.3197216659966987 0.23943909693060786 1.0445877035423206 1.360700352197072
117 819 -0.7150497040254854 -0.46797510698811956 0.3311350542223848 0.3504305109218538 0.23943909693060786 1.0445877035423206 1.360700352197072
118 826 -0.8198317411341685 -0.5529182030391856 0.25182673535953265 0.2531615100641226 0.219784191709586 1.063881569103514 1.3490185009837372
119 833 -0.7564515885096316 -0.5088042371463475 0.3352669068871164 0.36897660353498696 0.219784191709586 1.063881569103514 1.3490185009837372
120 840 -0.7898379470533946 -0.5407306240717186 0.2669537516192711 0.287074553867925 0.219784191709586 1.063881569103514 1.3490185009837372
121 847 -0.8187132115877712 -0.5892016284976092 0.2854616768553574 0.3475045288828507 0.2677060111000061 1.034900272147072 1.3628334154733803
122 854 -0.7892627110742911 -0.5415177507727427 0.21997888366348411 0.22606613484067792 0.2677060111000061 1.034900272147072 1.3628334154733803
123 861 -0.7813429527851709 -0.5318654176818496 0.2395507074656625 0.2472118807448453 0.2677060111000061 1.034900272147072 1.3628334154733803
124 868 -0.7894784268434788 -0.5747798898700996 0.2864692991699783 0.3588538252099584 0.32427613772314456 1.0257091565753895 1.3574850690231415
125 875 -0.8317963496231494 -0.6319963214348098 0.2917677602937423 0.3998890926815866 0.32427613772314456 1.0257091565753895 1.3574850690231415
126 882 -0.7535386094214329 -0.5629044055590786 0.36672846445580376 0.4859718839317436 0.32427613772314456 1.0257091565753895 1.3574850690231415
127 889 -0.7315755884709756 -0.5724357393045908 0.4545537439861483 0.6377437225833432 0.2744116150449547 0.9517820444900936 1.4208480584899559
128 896 -0.7368418510007169 -0.5467724692696365 0.4207572051123958 0.5531977148419929 0.2744116150449547 0.9517820444900936 1.4208480584899559
129 903 -0.6888627866222287 -0.4647862975404606 0.37900263393827405 0.4361891220160841 0.2744116150449547 0.9517820444900936 1.4208480584899559
130 910 -0.7221082409141747 -0.4982429570844363 0.36145760038129077 0.42415916904012807 0.2824568659085014 1.0722799224250108 1.3305765242425402
131 917 -0.7712344151564406 -0.5927133079048472 0.43269458423966034 0.5959761077029027 0.2824568659085014 1.0722799224250108 1.3305765242425402
132 924 -0.8226234116981097 -0.6350452418463481 0.3677047878873886 0.5143766279468726 0.2824568659085014 1.0722799224250108 1.3305765242425402
133 931 -0.7882889214168348 -0.5889439327721381 0.34560065703254983 0.4577705316560825 0.2906304981455693 1.003940075481282 1.3811727764440975
134 938 -0.871238502701289 -0.7115563068451154 0.37374424062272926 0.5758288939225039 0.2906304981455693 1.003940075481282 1.3811727764440975
135 945 -0.8623466993837523 -0.7059968149252004 0.371745255936562 0.5746427284319308 0.2906304981455693 1.003940075481282 1.3811727764440975
136 952 -0.8562952621425322 -0.6823857200061735 0.35272592945236464 0.5238536038021853 0.2490320270288227 0.9261481468052661 1.4423011681625604
137 959 -0.8341353221023681 -0.6479114856349806 0.35934871142938046 0.5088782739834466 0.2490320270288227 0.9261481468052661 1.4423011681625604
138 966 -0.8366130063157088 -0.6532455999095876 0.3692004269923102 0.5266483628868216 0.2490320270288227 0.9261481468052661 1.4423011681625604
139 973 -0.8450801907077707 -0.6713693698471567 0.4068718481851051 0.5925747666685782 0.1859844817536757 0.9268845047844023 1.451307991894687
140 980 -0.8800001622543484 -0.6958543730338547 0.37240162583207986 0.5443411695668977 0.1859844817536757 0.9268845047844023 1.451307991894687
141 987 -0.9241056968659515 -0.7535853735015082 0.3643696867729175 0.5665010501666161 0.1859844817536757 0.9268845047844023 1.451307991894687
142 994 -0.9345887733704792 -0.7653161582383561 0.3451492243601151 0.5460317367608157 0.1203559299602525 0.8825963576354368 1.485442062017924
143 1001 -0.9409937927642836 -0.7598789649647671 0.3225518481413131 0.5022472913771567 0.1203559299602525 0.8825963576354368 1.485442062017924
144 1008 -0.9303275520309688 -0.7503402495731287 0.3317376469187834 0.5124429766249139 0.1203559299602525 0.8825963576354368 1.485442062017924
145 1015 -0.9092055131511544 -0.7497397808480477 0.3860560665042348 0.6051889499852223 0.13831628404572371 0.8673072069783783 1.4928653034655024
146 1022 -0.9148957345958139 -0.6894939380043985 0.28721629014272626 0.3873845696003526 0.13831628404572371 0.8673072069783783 1.4928653034655024
147 1029 -0.8923605244567757 -0.691425257117712 0.35098040027897703 0.49751368540547636 0.13831628404572371 0.8673072069783783 1.4928653034655024
148 1036 -0.9466843356212834 -0.8493963031526119 0.4387097905888654 0.7707904560340197 0.10344363461749302 0.6794312350651018 1.5898655953491896
149 1043 -0.9482927628895501 -0.844421830966841 0.42582419084253587 0.7453685995229523 0.10344363461749302 0.6794312350651018 1.5898655953491896
150 1050 -0.9331768076084949 -0.812501954659952 0.4214665556624616 0.7121145394880566 0.10344363461749302 0.6794312350651018 1.5898655953491896
151 1057 -0.9547615750671543 -0.8650164677784964 0.43401710177525826 0.777283184337852 0.11154379310633374 0.6530135533442553 1.6003534863798567
152 1064 -0.9659034456637724 -0.8748677875456646 0.40967898434417904 0.7468255835226858 0.11154379310633374 0.6530135533442553 1.6003534863798567
153 1071 -0.968362950910417 -0.8667725010720071 0.3915935293618045 0.7094584230013317 0.11154379310633374 0.6530135533442553 1.6003534863798567
154 1078 -0.9890968447272197 -0.9564329879900626 0.4673822333686221 0.9093234504176932 0.06839476470684785 0.39541668424679743 1.6849236783842652
155 1085 -0.9925003817161897 -0.9682655199735253 0.47504186239450713 0.931909461441187 0.06839476470684785 0.39541668424679743 1.6849236783842652
156 1092 -0.9923934735543074 -0.961050694541181 0.46675321543142795 0.9113450730758379 0.06839476470684785 0.39541668424679743 1.6849236783842652
157 1099 -0.9877805042160561 -0.9485256228512353 0.4635418147699268 0.8949760792788268 0.06184648333175407 0.4308311504495283 1.6764723476102528
158 1106 -0.9886652447761248 -0.9496534547132849 0.46390222162966016 0.8960756570144685 0.06184648333175407 0.4308311504495283 1.6764723476102528
159 1113 -0.989719871271067 -0.9537022453110142 0.4672431309894624 0.9048739637962351 0.06184648333175407 0.4308311504495283 1.6764723476102528
160 1120 -0.9907676261534606 -0.9575107042329891 0.4698816797821719 0.9124222192000875 0.0459843746021274 0.3951917398660813 1.6857369089018819
161 1127 -0.9888741549689857 -0.9464786260805476 0.460602243849609 0.8872336716045564 0.0459843746021274 0.3951917398660813 1.6857369089018819
162 1134 -0.9868628936917432 -0.9376695182062322 0.45281662509961706 0.8671186307160559 0.0459843746021274 0.3951917398660813 1.6857369089018819
163 1141 -0.9853403406192591 -0.9127296080587038 0.41566358659078273 0.7858505855800563 0.072673087307182 0.5868836988446244 1.6279699464092374
164 1148 -0.9859777787684683 -0.9150151943178686 0.4173161001979786 0.7904639472526613 0.072673087307182 0.5868836988446244 1.6279699464092374
165 1155 -0.985184924837347 -0.9106440336010091 0.4183874366649231 0.7868570355172294 0.072673087307182 0.5868836988446244 1.6279699464092374
166 1162 -0.9849920932028586 -0.9232501309506242 0.441139911094731 0.8341946295242818 0.05137771745241385 0.5370495992949681 1.6458851898132183
167 1169 -0.9859189584434067 -0.923238954898545 0.4399271589988091 0.8316358600863988 0.05137771745241385 0.5370495992949681 1.6458851898132183
168 1176 -0.9793721994783898 -0.8814017711459137 0.4020612603562315 0.7319118425244705 0.05137771745241385 0.5370495992949681 1.6458851898132183
169 1183 -0.9790426471900839 -0.8397310340005211 0.3350642491150678 0.5873510636307013 0.04936629205845772 0.800886941571322 1.5349733144354445
170 1190 -0.985685158346127 -0.8680345036750324 0.34929395925751194 0.6374194588972655 0.04936629205845772 0.800886941571322 1.5349733144354445
171 1197 -0.9881690444375321 -0.8481979633498626 0.3004349348745837 0.5433414865283964 0.04936629205845772 0.800886941571322 1.5349733144354445
172 1204 -0.9876642175885627 -0.8231256375906884 0.25315849997615625 0.4473812991672302 0.06405127797480609 0.8734212146348511 1.4943335690586539
173 1211 -0.9869319625571225 -0.8274069694554365 0.26690451698802065 0.4721500193674869 0.06405127797480609 0.8734212146348511 1.4943335690586539
174 1218 -0.9948018827146254 -0.9180868601805328 0.3871472271617025 0.7455102337416883 0.06405127797480609 0.8734212146348511 1.4943335690586539
175 1225 -0.9939844813868955 -0.9005751299398433 0.36317040406721235 0.6910095639558453 0.04013762449349892 0.6701328850078527 1.5966561582040981
176 1232 -0.9934559775430252 -0.9202089283528919 0.3980032708212926 0.7641602880225542 0.04013762449349892 0.6701328850078527 1.5966561582040981
177 1239 -0.9940587201384758 -0.9200332971973788 0.39040590692397875 0.7531935520233342 0.04013762449349892 0.6701328850078527 1.5966561582040981
178 1246 -0.9929605538044532 -0.9082888722922656 0.37145203623043865 0.7133606575591523 0.06100544599960288 0.642301772369471 1.6073975142351768
179 1253 -0.9931493431191288 -0.8969944540970968 0.34981750849159454 0.6692666069991263 0.06100544599960288 0.642301772369471 1.6073975142351768
180 1260 -0.9897793306553452 -0.8915381317458305 0.3617857739764312 0.6813192103076704 0.06100544599960288 0.642301772369471 1.6073975142351768
181 1267 -0.9908112305269018 -0.9020452282535838 0.37941374463197985 0.7178007333205164 0.053957790353803506 0.650854564891896 1.6042060005558874
182 1274 -0.9939113772998553 -0.947289747572 0.4399302444874752 0.8557152787794449 0.053957790353803506 0.650854564891896 1.6042060005558874
183 1281 -0.9935010403747143 -0.9399112972811255 0.43171388373730024 0.8353325343165201 0.053957790353803506 0.650854564891896 1.6042060005558874
184 1288 -0.994432528493246 -0.9408260785673213 0.4258617116539474 0.8278178584684456 0.047869079609425734 0.509402249273639 1.6547561450716248
185 1295 -0.9955929470736323 -0.939999752756005 0.4206738239561558 0.818638488542582 0.047869079609425734 0.509402249273639 1.6547561450716248
186 1302 -0.9963089895432938 -0.9549126952481461 0.4429445555271952 0.8675006781571614 0.047869079609425734 0.509402249273639 1.6547561450716248
187 1309 -0.9971363160142896 -0.9656843537710098 0.4557015484578333 0.8980448869575011 0.03464344768208044 0.3916336475463112 1.6868381420996712
188 1316 -0.9976844085289228 -0.9712526271393491 0.4629298522752771 0.9145588973572456 0.03464344768208044 0.3916336475463112 1.6868381420996712
189 1323 -0.9981379027391383 -0.9805589107827608 0.47626313457641767 0.9442914910730997 0.03464344768208044 0.3916336475463112 1.6868381420996712
190 1330 -0.9985703810461984 -0.9845785562053883 0.4816456459056023 0.9563952217684557 0.021227934810144476 0.2600760938928335 1.7122820445735987
191 1337 -0.9986767602634291 -0.9826069558523696 0.4775992309699752 0.9482648221663641 0.021227934810144476 0.2600760938928335 1.7122820445735987
192 1344 -0.9992671723314571 -0.9886087985732819 0.4844553752578026 0.9648183927766555 0.021227934810144476 0.2600760938928335 1.7122820445735987
193 1351 -0.999647274985079 -0.9943166332383839 0.4919758109138927 0.9820759838846232 0.01308853856216768 0.16258561034539956 1.7243533888002545
194 1358 -0.999549657279937 -0.9928576664613741 0.49003416533105937 0.9776394517766409 0.01308853856216768 0.16258561034539956 1.7243533888002545
195 1365 -0.9996539427775075 -0.9953603501369392 0.4935895478075635 0.9856125878151627 0.01308853856216768 0.16258561034539956 1.7243533888002545
196 1372 -0.9995838002007735 -0.9934207099549238 0.49099335660970345 0.9796349552187295 0.012940847572659191 0.17424191020753962 1.7232156833058736
197 1379 -0.9996797725161712 -0.9922441039889108 0.488341335898112 0.9744341473331927 0.012940847572659191 0.17424191020753962 1.7232156833058736
198 1386 -0.9996749656424266 -0.9924409805889529 0.4887090775282048 0.9751917785137837 0.012940847572659191 0.17424191020753962 1.7232156833058736
199 1393 -0.999751726538176 -0.995441416228441 0.49334641099019705 0.9852987097533414 0.011196570666731322 0.1465652904573353 1.725802205479661
200 1400 -0.9996338780574637 -0.9935892036066718 0.49074698583125986 0.9794810411931119 0.011196570666731322 0.1465652904573353 1.725802205479661
201 1407 -0.9994263035099074 -0.9916718966616684 0.48876053998780894 0.9744836120227293 0.011196570666731322 0.1465652904573353 1.725802205479661
202 1414 -0.9993728304765591 -0.9917175541001808 0.4888113591405776 0.9746657205111189 0.01758941562253651 0.1943459037799159 1.7210230335884604
203 1421 -0.9994965896490987 -0.9927498768420967 0.4901477035300247 0.9777001841803964 0.01758941562253651 0.1943459037799159 1.7210230335884604
204 1428 -0.9994766491721934 -0.9946350152624719 0.4931437989110212 0.9842284363924642 0.01758941562253651 0.1943459037799159 1.7210230335884604
205 1435 -0.999479880280018 -0.9953511897031153 0.4945761107173017 0.9870898536138712 0.015102647236686605 0.14165232681494705 1.726182646290466
206 1442 -0.9995839032769074 -0.9966996028969349 0.49625922736919303 0.9910278704112632 0.015102647236686605 0.14165232681494705 1.726182646290466
207 1449 -0.9996279059175405 -0.9973665402764732 0.49704976587004057 0.9929271689444779 0.015102647236686605 0.14165232681494705 1.726182646290466
208 1456 -0.9997219957648356 -0.9980204322019671 0.49761410037555764 0.9944573810051974 0.013432870219264162 0.09176037727469473 1.7295663014640628
209 1463 -0.9997526297900216 -0.9971703457853116 0.49620328974224515 0.991412217580054 0.013432870219264162 0.09176037727469473 1.7295663014640628
210 1470 -0.999806045879904 -0.9970339419048926 0.4956794643891182 0.9904784958454438 0.013432870219264162 0.09176037727469473 1.7295663014640628
211 1477 -0.9998520019718868 -0.9975208330910288 0.4961192693466769 0.9916681346117208 0.010525545735722914 0.10886586405444774 1.728594063547207
212 1484 -0.9998779169389159 -0.9979454599267608 0.4965965227403492 0.9928447266172309 0.010525545735722914 0.10886586405444774 1.728594063547207
213 1491 -0.9999196550755692 -0.9980918663982922 0.4966768868942584 0.9931053493144981 0.010525545735722914 0.10886586405444774 1.728594063547207
214 1498 -0.9999110158558046 -0.9978567499763816 0.49620572192457346 0.9921722800121356 0.009043813439913508 0.10357903221825641 1.7289272956151722
215 1505 -0.9999044288914246 -0.9974686106367997 0.495659220101494 0.9909326787596336 0.009043813439913508 0.10357903221825641 1.7289272956151722
216 1512 -0.9999082102545952 -0.9971213617563531 0.4949255792264027 0.9894877110557458 0.009043813439913508 0.10357903221825641 1.7289272956151722
217 1519 -0.9998881284697057 -0.9973310340557604 0.49525746503880086 0.9902298703230425 0.010181529267731767 0.11563057065478008 1.728156794851619
218 1526 -0.9999049510456314 -0.9973089378565329 0.4948079969064163 0.9895842953049675 0.010181529267731767 0.11563057065478008 1.728156794851619
219 1533 -0.999891282338017 -0.9982792962638302 0.4965630827040325 0.9932318896191331 0.010181529267731767 0.11563057065478008 1.728156794851619
220 1540 -0.9999064433633678 -0.9985989417731509 0.4972012671536077 0.9944938352056436 0.009590948833026532 0.08478262674218838 1.729947952946324
221 1547 -0.9998630856466321 -0.9982937712530302 0.49657202193204447 0.9932913052668009 0.009590948833026532 0.08478262674218838 1.729947952946324
222 1554 -0.9998892856317194 -0.9987786184136959 0.4975787301628293 0.9952538458036475 0.009590948833026532 0.08478262674218838 1.729947952946324
223 1561 -0.9998919877594798 -0.9988695836507047 0.4975652204753841 0.9953544177419718 0.009817380030958299 0.0766140082434645 1.7303276894248092
224 1568 -0.9998644787304509 -0.9984968045759333 0.49686143738449595 0.9939465105501214 0.009817380030958299 0.0766140082434645 1.7303276894248092
225 1575 -0.9998696701231378 -0.9984427101798979 0.4968027739062425 0.9937909753250496 0.009817380030958299 0.0766140082434645 1.7303276894248092
226 1582 -0.999807403913653 -0.9971989192204777 0.49434809382857636 0.988921946818419 0.013703677770096385 0.12000758942645863 1.727834016245665
227 1589 -0.9998549229876086 -0.9977402479201803 0.4955686801995358 0.9912236478386796 0.013703677770096385 0.12000758942645863 1.727834016245665
228 1596 -0.9998761357379912 -0.9978494226482428 0.49583758226476404 0.9917065374793513 0.013703677770096385 0.12000758942645863 1.727834016245665
229 1603 -0.999829081360367 -0.9970392729085751 0.4935225751354629 0.9875867160316837 0.01207251172606597 0.12564570402331707 1.7274453425567797
230 1610 -0.9998388099037715 -0.9973915276474317 0.4942684985460214 0.9890412250208326 0.01207251172606597 0.12564570402331707 1.7274453425567797
231 1617 -0.9998710742827984 -0.9973898546967876 0.4941396120036048 0.9888348813177248 0.01207251172606597 0.12564570402331707 1.7274453425567797
232 1624 -0.9998241449368521 -0.9975813212766658 0.49432575294763115 0.9893852873622104 0.010970072716859543 0.11473582949162098 1.7282116036340736
233 1631 -0.9998156828174884 -0.9973029254442138 0.4935374158255966 0.9879714388755922 0.010970072716859543 0.11473582949162098 1.7282116036340736
234 1638 -0.9998772002532571 -0.9977088354506862 0.4948503976074158 0.9902017771575455 0.010970072716859543 0.11473582949162098 1.7282116036340736
235 1645 -0.9998672195281738 -0.997429427936417 0.4948887155473213 0.9898903051168105 0.011466585444657394 0.1152339243363184 1.728175239985891
236 1652 -0.9998168939395249 -0.9970807568998177 0.49462209902429133 0.9891202472926205 0.011466585444657394 0.1152339243363184 1.728175239985891
237 1659 -0.9998156740275126 -0.9961447544409654 0.49264031167551314 0.9852310807944589 0.011466585444657394 0.1152339243363184 1.728175239985891
238 1666 -0.9997822320695331 -0.9957586344434355 0.4918105975684947 0.9836434106130405 0.01475591608129919 0.14726534714746964 1.7257158458072224
239 1673 -0.9998483544268539 -0.9958050258448238 0.49218219460859025 0.9841346061776982 0.01475591608129919 0.14726534714746964 1.7257158458072224
240 1680 -0.9998662073137066 -0.9965456727219526 0.49349280626237874 0.9868517646654018 0.01475591608129919 0.14726534714746964 1.7257158458072224
241 1687 -0.9998837784049642 -0.9964197529337769 0.4931245729833349 0.9861753228178515 0.010762129645417914 0.13593654258807963 1.7266746749039596
242 1694 -0.999871592770032 -0.9964602337319204 0.49369052486640974 0.9869960853610749 0.010762129645417914 0.13593654258807963 1.7266746749039596
243 1701 -0.9999039731184894 -0.9954226785729858 0.4912490332362648 0.9823249759605114 0.010762129645417914 0.13593654258807963 1.7266746749039596
244 1708 -0.9998605217851405 -0.9958782164815854 0.4918264861716221 0.9837457484191361 0.011787139838070941 0.14657212708595382 1.725797692342859
245 1715 -0.9998442516961277 -0.9963530863924269 0.49260644913922735 0.9854351290127445 0.011787139838070941 0.14657212708595382 1.725797692342859
246 1722 -0.9998884285820316 -0.9963698908226953 0.49262763936799514 0.9854416116722222 0.011787139838070941 0.14657212708595382 1.725797692342859
247 1729 -0.9998401523106624 -0.9938989925882855 0.4886148585422986 0.9768449825301165 0.012387210959007154 0.1769126038560288 1.722947616035246
248 1736 -0.9998264236460265 -0.9911944368316683 0.48335691768569944 0.9662420490437972 0.012387210959007154 0.1769126038560288 1.722947616035246
249 1743 -0.9997102103736545 -0.9886601250745588 0.4789868415475509 0.9571524117891583 0.012387210959007154 0.1769126038560288 1.722947616035246
250 1750 -0.9996059220182706 -0.9884022137557513 0.47882698240623006 0.9566996728643712 0.019309504680257848 0.2423788030104057 1.714899314502238
251 1757 -0.999586922174903 -0.9762598803299277 0.45395863617117016 0.9073710998265608 0.019309504680257848 0.2423788030104057 1.714899314502238
252 1764 -0.9994429126411889 -0.9736080749215917 0.44874166312639496 0.8970234047561267 0.019309504680257848 0.2423788030104057 1.714899314502238
253 1771 -0.9995658542259853 -0.976043756648636 0.45149826549981376 0.9038235086386144 0.02065385657936165 0.3553398547289786 1.695083185525002
254 1778 -0.9994035718619636 -0.9717349479414715 0.4433665328087595 0.8873984024716777 0.02065385657936165 0.3553398547289786 1.695083185525002
255 1785 -0.9992930288473361 -0.969509972754197 0.4370190950716156 0.8760790615870808 0.02065385657936165 0.3553398547289786 1.695083185525002
256 1792 -0.9992534453275088 -0.9668659937994328 0.4302011506248289 0.8635027472381734 0.025864438640187854 0.4197748828468356 1.6802142954232813
257 1799 -0.9992150794296905 -0.95528547103214 0.4049899633516556 0.8144854997487037 0.025864438640187854 0.4197748828468356 1.6802142954232813
258 1806 -0.9991513935113802 -0.9510742861852935 0.40086347001591127 0.8034322814235597 0.025864438640187854 0.4197748828468356 1.6802142954232813
259 1813 -0.9992679745377753 -0.9542438994919177 0.40700999727573406 0.8157372211524271 0.02672422838389013 0.49015047421881014 1.6610353181797073
260 1820 -0.9992096987247214 -0.9566484201300198 0.40965803081818813 0.8225322358728892 0.02672422838389013 0.49015047421881014 1.6610353181797073
261 1827 -0.9992987139979129 -0.9632872756347971 0.4233207532219323 0.8495119911443929 0.02672422838389013 0.49015047421881014 1.6610353181797073
262 1834 -0.9994147694175626 -0.969453447749196 0.43796196492941253 0.8771391141539153 0.023921693087885883 0.40099263501008703 1.6848242220681287
263 1841 -0.99937879952963 -0.9730458005901512 0.44336797563282143 0.8891729021010002 0.023921693087885883 0.40099263501008703 1.6848242220681287
264 1848 -0.9993981060622522 -0.9746904944580121 0.4471640942728272 0.8964080122455336 0.023921693087885883 0.40099263501008703 1.6848242220681287
265 1855 -0.9992945758819151 -0.972018487368314 0.44091376643144625 0.8846150958510987 0.02513751532027402 0.38592256498896604 1.6883222083346119
266 1862 -0.9990212247615198 -0.9601852085031466 0.4155442997743511 0.8352847862751437 0.02513751532027402 0.38592256498896604 1.6883222083346119
267 1869 -0.9994272015546567 -0.9727247497314859 0.4424261209689698 0.887440626045951 0.02513751532027402 0.38592256498896604 1.6883222083346119
268 1876 -0.9993110495664526 -0.9677890103916029 0.43107212079828 0.8658371253533914 0.024013430329717943 0.4152456497431638 1.6813668265828186
269 1883 -0.9994357075895346 -0.9717732409991853 0.44093878679761545 0.8841803294728664 0.024013430329717943 0.4152456497431638 1.6813668265828186
270 1890 -0.9992912791846249 -0.9700045395206011 0.4392118451600122 0.8796639003895262 0.024013430329717943 0.4152456497431638 1.6813668265828186
271 1897 -0.9990792831229064 -0.9647983715834966 0.4277530346161773 0.8576559251433254 0.029749816642222485 0.430131182845129 1.677528573215373
272 1904 -0.9993028852582024 -0.9637303389357594 0.42873760135109473 0.8573210351242698 0.029749816642222485 0.430131182845129 1.677528573215373
273 1911 -0.9990600674143845 -0.9541574777124201 0.4087625513178996 0.8181666379593752 0.029749816642222485 0.430131182845129 1.677528573215373
274 1918 -0.9990060128791033 -0.9549254265935081 0.4068765459397711 0.8167299504986022 0.030654570028174025 0.48711285316722375 1.6618608141525195
275 1925 -0.9991298907296998 -0.958845775633844 0.4151663799602552 0.8328863167290991 0.030654570028174025 0.48711285316722375 1.6618608141525195
276 1932 -0.9994234019790541 -0.9568060571067378 0.4096636135366002 0.82253615887873 0.030654570028174025 0.48711285316722375 1.6618608141525195
277 1939 -0.9994081759779054 -0.9645865221911265 0.4246671668482044 0.8529300760745357 0.02223548610353342 0.43527452036763636 1.676317892011078
278 1946 -0.9991171563780783 -0.9271599075118728 0.343773263562855 0.6954604050548923 0.02223548610353342 0.43527452036763636 1.676317892011078
279 1953 -0.9988983894228931 -0.9258641226651356 0.34066633949634595 0.6898088934590823 0.02223548610353342 0.43527452036763636 1.676317892011078
280 1960 -0.9987427525988711 -0.9235897850863852 0.33107684639049123 0.6741460893702976 0.026693114596095108 0.6392043899833488 1.6095667819196486
281 1967 -0.9987970342271113 -0.897174675894427 0.2764743542135913 0.5660683392502466 0.026693114596095108 0.6392043899833488 1.6095667819196486
282 1974 -0.9987744270515296 -0.8788427826243086 0.24314304893543282 0.4972066816947924 0.026693114596095108 0.6392043899833488 1.6095667819196486
283 1981 -0.9985934884049457 -0.8578738522640214 0.1984814959164165 0.40988030916897134 0.03161576565886849 0.8489378180395943 1.5094055202178023
284 1988 -0.998941267580469 -0.8823229219568794 0.2538294179394408 0.5159285189479581 0.03161576565886849 0.8489378180395943 1.5094055202178023
285 1995 -0.9990550850399362 -0.8960092148120031 0.2808907960519568 0.5701449294453437 0.03161576565886849 0.8489378180395943 1.5094055202178023
286 2002 -0.9986906327177987 -0.8891853934935113 0.2659210777609051 0.5414513289547567 0.03230518813061343 0.7576429403154478 1.5572198142234155
287 2009 -0.999023418882129 -0.9195586521964141 0.32930896879626864 0.6661334091081147 0.03230518813061343 0.7576429403154478 1.5572198142234155
288 2016 -0.9987516848661018 -0.9186936531635596 0.32790514400112747 0.6633800446868143 0.03230518813061343 0.7576429403154478 1.5572198142234155
289 2023 -0.9986047094990926 -0.8862718420252075 0.26006133698434053 0.5298395291803047 0.03359080687911425 0.7665902873075137 1.5528074539681327
290 2030 -0.9984447511422156 -0.8813224678367777 0.24789147387163363 0.5071738378023327 0.03359080687911425 0.7665902873075137 1.5528074539681327
291 2037 -0.9981726229526094 -0.8941129848340283 0.2730126648449645 0.5579949099527144 0.03359080687911425 0.7665902873075137 1.5528074539681327
292 2044 -0.9969963587789662 -0.844233947202019 0.160885966544905 0.34316352621693247 0.044106589411982214 0.8845028692934527 1.4885258758187885
293 2051 -0.997688803948626 -0.8662136102119704 0.20570064510494593 0.4315302031405958 0.044106589411982214 0.8845028692934527 1.4885258758187885
294 2058 -0.998126370619651 -0.8793423961836624 0.23519428431014971 0.48792253670543184 0.044106589411982214 0.8845028692934527 1.4885258758187885
295 2065 -0.9976780955524541 -0.8813876711173396 0.23782504699514448 0.4946055285975247 0.03665285861420511 0.7865468662495689 1.5427250549428402
296 2072 -0.9980188261078455 -0.873842985309183 0.22479941118495592 0.4668377025510063 0.03665285861420511 0.7865468662495689 1.5427250549428402
297 2079 -0.9982314225098702 -0.8910335359704757 0.2612795677123678 0.5381860490672546 0.03665285861420511 0.7865468662495689 1.5427250549428402
298 2086 -0.9977165841361575 -0.878373892670053 0.2301101252094588 0.48026210636985833 0.0347776594581387 0.7963304148046615 1.5377413257305823
299 2093 -0.9973700924005966 -0.8546306486966851 0.1801532867156552 0.38234182148252394 0.0347776594581387 0.7963304148046615 1.5377413257305823
300 2100 -0.9965510301733219 -0.8209171556246682 0.10873809407145192 0.24298930275483813 0.0347776594581387 0.7963304148046615 1.5377413257305823
301 2107 -0.9974610064664733 -0.8396886083687174 0.1498988829366797 0.3219889819407227 0.03767815115559237 0.8960460527077829 1.481783327059762
302 2114 -0.9973192445768706 -0.8697356878783383 0.21209765978958595 0.44512521898036184 0.03767815115559237 0.8960460527077829 1.481783327059762
303 2121 -0.9980239031048997 -0.8855838265829015 0.24775007027004978 0.5130879593657018 0.03767815115559237 0.8960460527077829 1.481783327059762
304 2128 -0.9984858471658198 -0.902640665463303 0.2866176707121284 0.5871919344014221 0.030047418223212337 0.7168776683466089 1.5764464980721833
305 2135 -0.9984768919849113 -0.8806530641859401 0.24467788266911275 0.5019643704884926 0.030047418223212337 0.7168776683466089 1.5764464980721833
306 2142 -0.9986728244030416 -0.8951542101820498 0.2771193994873474 0.5643586551561546 0.030047418223212337 0.7168776683466089 1.5764464980721833
307 2149 -0.9972449116118116 -0.8807163377205331 0.25270798740037337 0.5139875218827304 0.05051763526804667 0.779306514937764 1.5460043092768152
308 2156 -0.9963442785789998 -0.8735183311937103 0.24438058525879597 0.49418761002434186 0.05051763526804667 0.779306514937764 1.5460043092768152
309 2163 -0.9960415034081991 -0.8462129422438259 0.18816965116486228 0.3831352878033851 0.05051763526804667 0.779306514937764 1.5460043092768152
310 2170 -0.9963777299193436 -0.8908419643336914 0.26763410346837835 0.5482570271500827 0.05591651011955324 0.7493572055192919 1.5605566706891387
311 2177 -0.9978546510122444 -0.912947501666495 0.3138355916407493 0.6378561400640814 0.05591651011955324 0.7493572055192919 1.5605566706891387
312 2184 -0.9975157189902064 -0.9058498393735439 0.30092632572263794 0.6115191678047026 0.05591651011955324 0.7493572055192919 1.5605566706891387
313 2191 -0.9978307896305281 -0.8408387129806868 0.1730959207220483 0.354082055306452 0.04500605842448916 0.8855691985008938 1.4878647953935786
314 2198 -0.9983966797030102 -0.8492133528855091 0.19212474406633814 0.3900541162327862 0.04500605842448916 0.8855691985008938 1.4878647953935786
315 2205 -0.9982534181800544 -0.8640916977952968 0.22452448096100208 0.4532348201616774 0.04500605842448916 0.8855691985008938 1.4878647953935786
316 2212 -0.9985276544669985 -0.8535276019811635 0.20137809753135932 0.40801327821636524 0.03749071696955584 0.8547860656255727 1.5059665428400006
317 2219 -0.9983771933840141 -0.8691180606225506 0.2379169251424617 0.47766945430266905 0.03749071696955584 0.8547860656255727 1.5059665428400006
318 2226 -0.9981458231902385 -0.8282029404557392 0.14463173866239032 0.29896708230060093 0.03749071696955584 0.8547860656255727 1.5059665428400006
319 2233 -0.9975426915514253 -0.8201608805473485 0.11665217630989928 0.25154138425823835 0.04169474088892882 0.9335406155025813 1.4583427127356816
320 2240 -0.9983399308855629 -0.7758608097869076 0.030970977820859242 0.07743578592479296 0.04169474088892882 0.9335406155025813 1.4583427127356816
321 2247 -0.9985746427400619 -0.779509144476603 0.03800620520971444 0.0914458235083613 0.04169474088892882 0.9335406155025813 1.4583427127356816
322 2254 -0.9984599295865014 -0.762163919032026 -0.0009123270866898125 0.01654219300728021 0.029393523606283854 0.999119697149915 1.414530258261402
323 2261 -0.9981377558213377 -0.7817154317742749 0.03277507908169231 0.08784959198661865 0.029393523606283854 0.999119697149915 1.414530258261402
324 2268 -0.9985243472482503 -0.7878076911407108 0.049744778864373215 0.118212279425195 0.029393523606283854 0.999119697149915 1.414530258261402
325 2275 -0.9981839466587913 -0.7587838847013526 -0.013116281550277425 -0.003960475790690997 0.02868467979596275 1.0001607420168341 1.4138089260127549
326 2282 -0.998434243981137 -0.7597386714679399 -0.008667102172758085 0.0029945150791055126 0.02868467979596275 1.0001607420168341 1.4138089260127549
327 2289 -0.9984139498202523 -0.7698022679371741 0.013425417461277279 0.045889630711016205 0.02868467979596275 1.0001607420168341 1.4138089260127549
328 2296 -0.9991595801880887 -0.7639285702044731 0.006657231759521664 0.02828815576390436 0.019773201206631525 0.9983567641748946 1.4152359492113946
329 2303 -0.9990926086233572 -0.8150047597452951 0.10800092250793045 0.23158163438094337 0.019773201206631525 0.9983567641748946 1.4152359492113946
330 2310 -0.9993367565176693 -0.8318118247479 0.14523880312097392 0.3033974139741627 0.019773201206631525 0.9983567641748946 1.4152359492113946
331 2317 -0.9993676911512696 -0.8450799938408216 0.17263728455834587 0.35758868004762023 0.01675768401920666 0.8812444291788635 1.491015572040591
332 2324 -0.9992732874067317 -0.820727631264769 0.12043369245963977 0.2556084775591467 0.01675768401920666 0.8812444291788635 1.491015572040591
333 2331 -0.9992418628811606 -0.8481738520406068 0.17605360663607017 0.3663947486877422 0.01675768401920666 0.8812444291788635 1.491015572040591
334 2338 -0.9991653406239364 -0.8783424275219369 0.23495287078197855 0.48522839044795096 0.01441617684254321 0.7960818844221982 1.538195633572026
335 2345 -0.9993100099362956 -0.8824546704082705 0.2456422178397834 0.504819174394443 0.01441617684254321 0.7960818844221982 1.538195633572026
336 2352 -0.9993367815654005 -0.8946957759899337 0.2712168583448042 0.5552133975475834 0.01441617684254321 0.7960818844221982 1.538195633572026
337 2359 -0.9996598318945822 -0.9438117803352934 0.37690347732900764 0.7612938449911525 0.008119548702870554 0.5508912569579967 1.642087968391493
338 2366 -0.9997829232064154 -0.9538821196560062 0.39982737746806274 0.8051630729590099 0.008119548702870554 0.5508912569579967 1.642087968391493
339 2373 -0.9998209682012842 -0.9514414449526138 0.3956253836446293 0.79626813659504 0.008119548702870554 0.5508912569579967 1.642087968391493
340 2380 -0.9998976531753474 -0.9582695725581086 0.41152055006765775 0.8264891769923411 0.005091332903735471 0.47357331405561437 1.6660439353581429
341 2387 -0.999918567923487 -0.971475662041748 0.439436396316404 0.8812975098873822 0.005091332903735471 0.47357331405561437 1.6660439353581429
342 2394 -0.9999406564614517 -0.9710638773296183 0.43922578237621324 0.880445556479657 0.005091332903735471 0.47357331405561437 1.6660439353581429
343 2401 -0.9999420276823858 -0.9664798377965194 0.43037143608015516 0.8625263374865136 0.00572872587128497 0.42352888474323724 1.6794613617133443
344 2408 -0.9999396040677663 -0.9600138343466732 0.41718310195262653 0.8363229776646335 0.00572872587128497 0.42352888474323724 1.6794613617133443
345 2415 -0.9999317198035785 -0.9459718252856324 0.3887528198927943 0.7797011404343238 0.00572872587128497 0.42352888474323724 1.6794613617133443
346 2422 -0.9999557759906267 -0.9675903697091465 0.4332722345005018 0.8678610296222377 0.005481223797912421 0.4159280122440936 1.6813607122852476
347 2429 -0.9999574785854479 -0.9646404063544883 0.42693282152306333 0.8554734919179543 0.005481223797912421 0.4159280122440936 1.6813607122852476
348 2436 -0.9999469852530289 -0.9588790302179951 0.4149300848423275 0.831798501494068 0.005481223797912421 0.4159280122440936 1.6813607122852476
349 2443 -0.9999374700116925 -0.9586141404422613 0.41390353475133557 0.8300860969131034 0.00535770237233525 0.47019472067207946 1.6669997659500118
350 2450 -0.9999292931181687 -0.9645503453248716 0.4259348952284907 0.8540510276196477 0.00535770237233525 0.47019472067207946 1.6669997659500118
351 2457 -0.9999205845722466 -0.9556831358413853 0.40764585042980966 0.8178513971226801 0.00535770237233525 0.47019472067207946 1.6669997659500118
352 2464 -0.999883510431282 -0.9525260865951375 0.40118823831786055 0.8050689227860487 0.008645998572800349 0.5030170679828966 1.6573771677040112
353 2471 -0.9998470455599644 -0.9374029701301754 0.36892172480941965 0.7419192143594957 0.008645998572800349 0.5030170679828966 1.6573771677040112
354 2478 -0.9998189356294527 -0.9340562244668136 0.36162216150506293 0.7277522456663827 0.008645998572800349 0.5030170679828966 1.6573771677040112
355 2485 -0.999779524693296 -0.9193024394149283 0.33101807574357334 0.6673144955180396 0.010894312357436358 0.65225639355472 1.604507061693793
356 2492 -0.9998593958305984 -0.9318167720028929 0.3579925904221647 0.7198864207361452 0.010894312357436358 0.65225639355472 1.604507061693793
357 2499 -0.9998864963847297 -0.9503275308436122 0.39668604554079556 0.7961316054611474 0.010894312357436358 0.65225639355472 1.604507061693793
358 2506 -0.9998522630712734 -0.9524403407998253 0.3999102783935976 0.8032818958532905 0.008892755950444677 0.5043427795238561 1.6569729266447766
359 2513 -0.9998546872277906 -0.9476414499360994 0.3898593417844196 0.7834797017329016 0.008892755950444677 0.5043427795238561 1.6569729266447766
360 2520 -0.9998364890723033 -0.9284291276316476 0.3497877801093169 0.7044527212489828 0.008892755950444677 0.5043427795238561 1.6569729266447766
361 2527 -0.999794493661016 -0.8809179940052594 0.2516260991704862 0.5102642972399781 0.008439282535557445 0.7835775460274639 1.5446472114602294
362 2534 -0.9998140284118412 -0.838482006160373 0.1653910985318479 0.33868344451112015 0.008439282535557445 0.7835775460274639 1.5446472114602294
363 2541 -0.9998212778958597 -0.8337224704563915 0.15586272160175887 0.3196256448483408 0.008439282535557445 0.7835775460274639 1.5446472114602294
364 2548 -0.9998004218075365 -0.8387733193563066 0.16493607459470022 0.3384787701271393 0.005579436428295103 0.8941261572775474 1.4834106932206028
365 2555 -0.9997397307132636 -0.8538354062561962 0.19343067003349512 0.39661503767299155 0.005579436428295103 0.8941261572775474 1.4834106932206028
366 2562 -0.9996635464643344 -0.8498826126991746 0.18317913005709086 0.37775211054401947 0.005579436428295103 0.8941261572775474 1.4834106932206028
367 2569 -0.9997302070663163 -0.861268970403826 0.20814070036415458 0.4261493539576579 0.005413594237660106 0.8404222022748927 1.5144838113762884
368 2576 -0.9997495744979038 -0.828075415569331 0.1415023123475299 0.29302072939124413 0.005413594237660106 0.8404222022748927 1.5144838113762884
369 2583 -0.9996969183029116 -0.827623110093521 0.13906332793709542 0.28921833240457684 0.005413594237660106 0.8404222022748927 1.5144838113762884
370 2590 -0.9995676244938713 -0.8308725219654843 0.14218552492715497 0.29784310469631453 0.00551396421760094 0.9133007319288087 1.4716831755703774
371 2597 -0.9996383938565346 -0.8468564535411303 0.17637531636386394 0.36467063268345756 0.00551396421760094 0.9133007319288087 1.4716831755703774
372 2604 -0.9994750910421765 -0.8337311677687278 0.14597418301668874 0.30679871000504555 0.00551396421760094 0.9133007319288087 1.4716831755703774
373 2611 -0.9994588595343366 -0.8241472144714801 0.12600098340347404 0.2674054042989357 0.005032782163463117 0.927442551006989 1.4628140639484375
374 2618 -0.9994503288363599 -0.800992333176837 0.07892589298874172 0.1737739727177451 0.005032782163463117 0.927442551006989 1.4628140639484375
375 2625 -0.9995766277408189 -0.8462200004588238 0.17347949619798242 0.3600227011349227 0.005032782163463117 0.927442551006989 1.4628140639484375
376 2632 -0.9995846301354474 -0.7994851410042291 0.07901748488903262 0.17175220438890149 0.005062121358468962 0.9673332828434271 1.436746565971435
377 2639 -0.9995034122144444 -0.7737397012728172 0.02545605146929911 0.06609092477504419 0.005062121358468962 0.9673332828434271 1.436746565971435
378 2646 -0.9995669124520162 -0.8002160903938546 0.08033848926603207 0.17450586042783264 0.005062121358468962 0.9673332828434271 1.436746565971435
379 2653 -0.9996639006289028 -0.7705913302138651 0.02330706897198616 0.05886729828556556 0.005855103541159744 0.9951286985344486 1.4176334473747643
380 2660 -0.9996402881863253 -0.817179957038778 0.11658220794214716 0.24537593178824152 0.005855103541159744 0.9951286985344486 1.4176334473747643
381 2667 -0.9995880994410821 -0.8183563277545417 0.11742844587512306 0.2481249320651376 0.005855103541159744 0.9951286985344486 1.4176334473747643
382 2674 -0.999561795795449 -0.822492542918586 0.12517251705735372 0.2639916175058039 0.005883409635840762 0.9298374525062311 1.4612897376659357
383 2681 -0.9997228115062564 -0.815340834303559 0.11471843892286107 0.24035621946230357 0.005883409635840762 0.9298374525062311 1.4612897376659357
384 2688 -0.9995117475013924 -0.8617588400517486 0.20373515603691306 0.42114691395015647 0.005883409635840762 0.9298374525062311 1.4612897376659357
385 2695 -0.9993948090781007 -0.8590688936718256 0.19592840724921318 0.4072682588166176 0.0051749069353525315 0.8491922904901795 1.5095846031641467
386 2702 -0.999522358150836 -0.9057339121509534 0.29436376086387905 0.6006078725356073 0.0051749069353525315 0.8491922904901795 1.5095846031641467
387 2709 -0.999635246199317 -0.9200429483988698 0.3261609609699787 0.6619699662924811 0.0051749069353525315 0.8491922904901795 1.5095846031641467
388 2716 -0.9996066444695502 -0.921865034750809 0.32935245974148125 0.6686833481868371 0.004909300895098485 0.6465597774466855 1.6068404877127083
389 2723 -0.9995133846397699 -0.9317639752910706 0.34852231802130995 0.7075350064434042 0.004909300895098485 0.6465597774466855 1.6068404877127083
390 2730 -0.9996860845609609 -0.9467759087933663 0.382807684721977 0.7730920401261636 0.004909300895098485 0.6465597774466855 1.6068404877127083
391 2737 -0.9997333598579888 -0.9512227102854703 0.392964317892728 0.7925160110462756 0.005142142185477515 0.5141783389853567 1.6539631779734414
392 2744 -0.999721748988649 -0.9483790087273056 0.3869073784979255 0.7806601006449927 0.005142142185477515 0.5141783389853567 1.6539631779734414
393 2751 -0.9998188020792209 -0.952908487195327 0.39840203986929856 0.8019285673402798 0.005142142185477515 0.5141783389853567 1.6539631779734414
394 2758 -0.9998264622712999 -0.9665703371302519 0.4272083823810982 0.8585451637438335 0.006341490971527074 0.42613075368228776 1.6788008715325424
395 2765 -0.9998595992320786 -0.9676503564926385 0.4299161134620654 0.8635623607075267 0.006341490971527074 0.42613075368228776 1.6788008715325424
396 2772 -0.9998620288570874 -0.973353702999417 0.44206904944550385 0.8873683077361405 0.006341490971527074 0.42613075368228776 1.6788008715325424
397 2779 -0.9998574129174155 -0.9688571475603738 0.4327363864041162 0.8689339657019045 0.006500707190522814 0.41089316296161305 1.6825945885558484
398 2786 -0.9997557031932774 -0.9554033786587857 0.40351213240233663 0.812131644888219 0.006500707190522814 0.41089316296161305 1.6825945885558484
399 2793 -0.9997756110769254 -0.9615074813263342 0.417076517472115 0.8383363873210069 0.006500707190522814 0.41089316296161305 1.6825945885558484
400 2800 -0.999744720929523 -0.957771627458591 0.4086678526386401 0.822174585866785 0.010344025531664316 0.4775957486729253 1.664870956556498
401 2807 -0.9997142694717385 -0.9560815379286486 0.4051777145257034 0.815298067134064 0.010344025531664316 0.4775957486729253 1.664870956556498
402 2814 -0.9996689786319362 -0.9381330591590861 0.36732979996977233 0.7409481668732083 0.010344025531664316 0.4775957486729253 1.664870956556498
403 2821 -0.9996786042530251 -0.9360546775115652 0.3624076058097095 0.7316044401753411 0.010889430134917485 0.5850841181825884 1.6302018264502836
404 2828 -0.999641037324646 -0.9265875292452529 0.34207159519085784 0.6919044619235016 0.010889430134917485 0.5850841181825884 1.6302018264502836
405 2835 -0.9995883897854516 -0.9425404234171628 0.3743732362581055 0.7562964897815728 0.010889430134917485 0.5850841181825884 1.6302018264502836
406 2842 -0.9994369428337493 -0.9293521506531167 0.3454397250479828 0.70028555810105 0.014361713978510302 0.6155300413067697 1.6189244915747267
407 2849 -0.9994721079576745 -0.9413529618999292 0.3718194403438808 0.7514244283674056 0.014361713978510302 0.6155300413067697 1.6189244915747267
408 2856 -0.9994959155983634 -0.964564143448158 0.42044032504666956 0.8471767090614067 0.014361713978510302 0.6155300413067697 1.6189244915747267
409 2863 -0.9996243350700948 -0.9738932810708355 0.44089102902851374 0.8867547450623708 0.011567766086395091 0.3788412508087988 1.6900726296444768
410 2870 -0.9996868987636826 -0.980231410212752 0.4548839009749227 0.9138001828198837 0.011567766086395091 0.3788412508087988 1.6900726296444768
411 2877 -0.9997403229906262 -0.9810521943266053 0.45730033904473283 0.9180630548378247 0.011567766086395091 0.3788412508087988 1.6900726296444768
412 2884 -0.9996905167498242 -0.9847488202921377 0.46525685962356966 0.9336503898044524 0.012177840016818195 0.28987796075467387 1.7075779537348321
413 2891 -0.9996870150811363 -0.9853851993908025 0.4666862167554325 0.9364082064471768 0.012177840016818195 0.28987796075467387 1.7075779537348321
414 2898 -0.9997072625666108 -0.9879180037563576 0.4733133707166228 0.9486012367306965 0.012177840016818195 0.28987796075467387 1.7075779537348321
415 2905 -0.9997471471725751 -0.9906870024245383 0.4796651841333851 0.9607224349046561 0.01415717763083793 0.22443963654606539 1.7173894211472827
416 2912 -0.999775095771713 -0.9908355451430131 0.4800116613027605 0.9613545128226518 0.01415717763083793 0.22443963654606539 1.7173894211472827
417 2919 -0.9997270562071191 -0.9857357238117542 0.469700712702117 0.9408548591447091 0.01415717763083793 0.22443963654606539 1.7173894211472827
418 2926 -0.9997108518760511 -0.9889707160370632 0.4758665077494606 0.9534054465059806 0.015003947345475827 0.24435525697006355 1.7146618879403455
419 2933 -0.9995949236298391 -0.9880404420973671 0.4744823029940992 0.9504354031587826 0.015003947345475827 0.24435525697006355 1.7146618879403455
420 2940 -0.999546356460451 -0.9896127614656018 0.4778882638169708 0.9571216772496458 0.015003947345475827 0.24435525697006355 1.7146618879403455
421 2947 -0.9996019007186824 -0.9873214569397585 0.4746885751852977 0.9497448087813927 0.019882120736422447 0.25728766790108626 1.7127194041117892
422 2954 -0.999479464333276 -0.9859175425348017 0.4704639404986382 0.9423625130446439 0.019882120736422447 0.25728766790108626 1.7127194041117892
423 2961 -0.9996211267006303 -0.9832603503048114 0.4654351873173808 0.9319729234622928 0.019882120736422447 0.25728766790108626 1.7127194041117892
424 2968 -0.9995734831429623 -0.9802202286899495 0.4583998999675393 0.9185866884003561 0.019610072835691793 0.32491180260050634 1.7011901027146459
425 2975 -0.9993865682887109 -0.9742890392136627 0.44581477029676225 0.8940851777251889 0.019610072835691793 0.32491180260050634 1.7011901027146459
426 2982 -0.9992832379648094 -0.9832152891302565 0.46412560505708944 0.9305046209516518 0.019610072835691793 0.32491180260050634 1.7011901027146459
427 2989 -0.9990529554129208 -0.978032852484646 0.4509360939589906 0.9062389731785947 0.026867975007523283 0.34419201975920494 1.697294896431694
428 2996 -0.998935163443885 -0.9793611339303099 0.45499735120662854 0.9135428167386995 0.026867975007523283 0.34419201975920494 1.697294896431694
429 3003 -0.9989066577893765 -0.9784002846400548 0.45366771644437065 0.9105173436565241 0.026867975007523283 0.34419201975920494 1.697294896431694
430 3010 -0.9992082114641876 -0.9844827788380821 0.4692903166453792 0.9391559158470941 0.028036653255237347 0.28253011210964346 1.7086224515162964
431 3017 -0.9992157100769767 -0.9833894517444823 0.46743209525858426 0.9352130192604454 0.028036653255237347 0.28253011210964346 1.7086224515162964
432 3024 -0.9991214341125921 -0.9830191768759716 0.46630384794168445 0.9333092656442827 0.028036653255237347 0.28253011210964346 1.7086224515162964
433 3031 -0.9990433410176935 -0.9818053712317754 0.46489493237962404 0.929890397130839 0.030927453495170246 0.3043847186973253 1.7048147804509015
434 3038 -0.9992120087184776 -0.9870323671930459 0.4746733618934205 0.949728963396811 0.030927453495170246 0.3043847186973253 1.7048147804509015
435 3045 -0.9994042595340742 -0.9895329586623602 0.4792729982030949 0.9590036829531994 0.030927453495170246 0.3043847186973253 1.7048147804509015
436 3052 -0.9994280327950232 -0.9912167369456005 0.481552939476799 0.9642648691015094 0.023061140103527243 0.2141549628374772 1.718605782519425
437 3059 -0.9995131144858449 -0.9899333114192216 0.47838963755654695 0.9582508174818465 0.023061140103527243 0.2141549628374772 1.718605782519425
438 3066 -0.9995515517884794 -0.9907536017487122 0.4789373628966627 0.9600364010720205 0.023061140103527243 0.2141549628374772 1.718605782519425
439 3073 -0.9996032759263742 -0.992496879416527 0.4832637766886515 0.9680775988805305 0.017762743529070396 0.20093904846031146 1.7202639285139314
440 3080 -0.9996112169760992 -0.9943025193115943 0.4872155113355996 0.9757461572201593 0.017762743529070396 0.20093904846031146 1.7202639285139314
441 3087 -0.9995680559585236 -0.994233030911502 0.4865445302275878 0.9748020255602627 0.017762743529070396 0.20093904846031146 1.7202639285139314
442 3094 -0.9996621170845953 -0.9944946061840438 0.4869239912758533 0.9755626795286008 0.014339867310861771 0.17400551273414713 1.72322849609204
443 3101 -0.9995633626936503 -0.992481576085098 0.48187849330538096 0.9662500631603218 0.014339867310861771 0.17400551273414713 1.72322849609204
444 3108 -0.9997219562467164 -0.9927543209454678 0.48321280360925956 0.9682342098262533 0.014339867310861771 0.17400551273414713 1.72322849609204
445 3115 -0.9995525137617289 -0.9889173378810525 0.47453238138580256 0.9517137785940778 0.01700069630465199 0.24637306333259137 1.7143544820104364
446 3122 -0.9996445504222162 -0.9888592767896411 0.4748808649092827 0.9520089718430156 0.01700069630465199 0.24637306333259137 1.7143544820104364
447 3129 -0.9996339424162319 -0.9874464863419068 0.4720867936069914 0.9464104308489657 0.01700069630465199 0.24637306333259137 1.7143544820104364
448 3136 -0.999680337854107 -0.9861663656747759 0.4696288607855486 0.9413799640929923 0.015403318131093871 0.27396918020855515 1.710176489747887
449 3143 -0.9997848440459224 -0.9905372302398229 0.479053208717518 0.9596690745638655 0.015403318131093871 0.27396918020855515 1.710176489747887
450 3150 -0.9997685226809955 -0.9908214987429143 0.4789328197245377 0.9599039019422737 0.015403318131093871 0.27396918020855515 1.710176489747887
451 3157 -0.999773415064873 -0.9887980488726276 0.47456715698640295 0.9513801927471677 0.010719262945736661 0.24839970827766794 1.7141127974347163
452 3164 -0.999761348666887 -0.9889935919283652 0.47483204090842857 0.9520061617821713 0.010719262945736661 0.24839970827766794 1.7141127974347163
453 3171 -0.9997767053343505 -0.9918587947774554 0.4813480115214115 0.9644990363974721 0.010719262945736661 0.24839970827766794 1.7141127974347163
454 3178 -0.999825473177243 -0.9933172097787056 0.48503687546220653 0.9713133071439732 0.01083966322698376 0.19114973163742913 1.7214366911960677
455 3185 -0.9998458613052643 -0.9932365506117026 0.48465424124781364 0.9706751945074239 0.01083966322698376 0.19114973163742913 1.7214366911960677
456 3192 -0.9998662360760077 -0.9935654076310204 0.4856897643401885 0.9724739932189375 0.01083966322698376 0.19114973163742913 1.7214366911960677
457 3199 -0.9998900508410721 -0.9936622247939544 0.4861040396615182 0.973131635099558 0.008748351890064818 0.18584684079543673 1.72202915715895
458 3206 -0.9998131430923393 -0.9841904031614622 0.46501213220467996 0.932456904062517 0.008748351890064818 0.18584684079543673 1.72202915715895
459 3213 -0.9998161414067656 -0.9852882203081733 0.4669188960712979 0.9364600137658626 0.008748351890064818 0.18584684079543673 1.72202915715895
460 3220 -0.9998390384175007 -0.9837464445198063 0.4637554182240819 0.9301634452410169 0.0072434339052876535 0.29879429665373325 1.706068433842107
461 3227 -0.999831123024468 -0.9843805045288653 0.46518806977832716 0.9329269760517886 0.0072434339052876535 0.29879429665373325 1.706068433842107
462 3234 -0.9998963863638906 -0.9870453706539863 0.4716072355438042 0.9449737552331636 0.0072434339052876535 0.29879429665373325 1.706068433842107
463 3241 -0.9998900737092331 -0.990933053977527 0.4798233384313275 0.9611184495025729 0.007128769224101193 0.2231481291023661 1.7176012613896925
464 3248 -0.9999255770671537 -0.9931872747076497 0.48498653507230705 0.9709728359727886 0.007128769224101193 0.2231481291023661 1.7176012613896925
465 3255 -0.9999391666056577 -0.9935513541351264 0.48582934834852015 0.972568436705871 0.007128769224101193 0.2231481291023661 1.7176012613896925
466 3262 -0.9999360818230557 -0.9919329340094065 0.4823388205057328 0.9657595908637966 0.0052896349423304685 0.2101001173272607 1.7192527331550904
467 3269 -0.9999207003986973 -0.9925539046256766 0.4834385675749277 0.9680692625354417 0.0052896349423304685 0.2101001173272607 1.7192527331550904
468 3276 -0.999910775375554 -0.992747378134972 0.48355467663167784 0.9684919643133125 0.0052896349423304685 0.2101001173272607 1.7192527331550904
469 3283 -0.9998902098186143 -0.9925689247485149 0.48323468017031657 0.9678479300731608 0.006851559346993472 0.20244889215777717 1.7201649636586027
470 3290 -0.999924919316689 -0.9936791362569047 0.4860900123952945 0.9731006122195767 0.006851559346993472 0.20244889215777717 1.7201649636586027
