% # columns="iteration, evaluation, sigma, axis ratio, bestever, best, median, worst objective function value, further objective values of best", seed=859333, Fri Jun  2 16:21:25 2023, <python>{}</python>
1 7 0.10948080519245798 1.0000333338888951 0.33395513708723545 3.3395513708723545e-01 0.5039245101333191 0.6706811573306183   
2 14 0.1548665785796498 1.478120871202898 0.27065840852867307 2.7065840852867307e-01 0.39986061914355553 0.6086855251458888   
3 21 0.17964450088209483 1.5786306584788132 0.26830258304028193 2.6830258304028193e-01 0.35905759950677874 0.4823872269218991   
4 28 0.14300378152017987 1.6730929550364073 0.26105526701295784 2.6105526701295784e-01 0.40585817432884563 0.6379373692463025   
5 35 0.15037051780708638 1.5592296646166257 0.25832506262352956 2.5832506262352956e-01 0.39367505002575354 0.6537889037705509   
6 42 0.17579819449445414 1.544063216764768 0.25832506262352956 2.6122052617613201e-01 0.33994404187640676 0.6563703636286131   
7 49 0.21179573031486323 1.5557477127368222 0.25832506262352956 2.8020324125627277e-01 0.39220398180306837 0.4660887534927878   
8 56 0.16816398475261976 1.6041104268722868 0.25832506262352956 2.7245877853945694e-01 0.3632903379351024 0.528411895753805   
9 63 0.14646948288016803 1.5195112137592706 0.25832506262352956 3.3936151962524819e-01 0.433346927684633 1.1118731521555905   
10 70 0.12037312839375205 1.765328162382412 0.24849600961151677 2.4849600961151677e-01 0.3141563137152279 0.8432974042155466   
11 77 0.11191918035731765 1.704122616521642 0.24849600961151677 2.6229286537227542e-01 0.2728258600512708 0.3861507996351596   
12 84 0.09930799791441228 1.6882131658633135 0.24849600961151677 2.6353303347144363e-01 0.29715497808907376 0.38603560082172156   
13 91 0.08779861579878599 1.730250264201699 0.23508505245438055 2.3508505245438055e-01 0.47103296701647035 0.8109166197176564   
14 98 0.09433688381101438 1.7265547143661153 0.23508505245438055 2.9446587083062975e-01 0.31938789673139006 0.8138502469351837   
15 105 0.1041116678122219 1.995187554420483 0.23508505245438055 2.5882488027297484e-01 0.3089084317681243 0.3639022704721236   
16 112 0.1075908251350481 2.1508335782587626 0.23508505245438055 2.3620409546783935e-01 0.48646669413148136 0.9262337891594714   
17 119 0.14345802913740813 1.864902828052147 0.23508505245438055 3.0496709098042979e-01 0.38222990504834875 0.5395823565560378   
18 126 0.12408322796924874 2.2017229403592955 0.23508505245438055 2.7930791180165582e-01 0.40193623369432524 0.4834215480776595   
19 133 0.11675719324257434 2.26446327278596 0.23508505245438055 2.5972795103528212e-01 0.30757013167978814 0.47165160647372323   
20 140 0.1254746908392316 2.6333383619637964 0.23508505245438055 2.5969837258819317e-01 0.3105835040522741 0.6120765268843702   
21 147 0.11001335682392469 1.9707332830884021 0.23508505245438055 2.6085961051901652e-01 0.3112319725988657 0.4456180066722808   
22 154 0.11702413613529318 2.186723498830736 0.23508505245438055 2.9356513995951306e-01 0.33328220674981907 0.5621975094351412   
23 161 0.1029795901855463 2.334878540708526 0.22212079087080006 2.2212079087080006e-01 0.27000713009820965 0.36885407907587386   
24 168 0.08450138702400922 2.445114895563988 0.2214298300186619 2.2142983001866190e-01 0.27908433233022306 0.39389355786198743   
25 175 0.10568074828957202 2.7312718308433315 0.2214298300186619 2.3018590921012086e-01 0.26793017880327535 0.4415429907667321   
26 182 0.0957481404060805 3.0114224152344145 0.2214298300186619 2.3348710085172214e-01 0.5135739737789514 0.9692937120657894   
27 189 0.09774667009622448 3.447769678958991 0.2214298300186619 2.6506682174220858e-01 0.2995093272736616 0.6576651348519615   
28 196 0.10670090048284607 4.114789176393628 0.2214298300186619 2.6038357633196463e-01 0.2812706242757081 0.3234459790462691   
29 203 0.08498236132353883 4.235864603103898 0.2214298300186619 2.5294477022277678e-01 0.3014713573589459 0.41516454657199986   
30 210 0.08909900534819337 4.4021771093110225 0.2214298300186619 2.5987515906819098e-01 0.36994242073830647 0.4407568868791733   
31 217 0.09898873497707202 5.826434729065098 0.2214298300186619 2.4730580929285220e-01 0.26995378228321315 0.3750705903519137   
32 224 0.09240205538826013 6.7081404275452226 0.2214298300186619 2.5490961697981773e-01 0.28417576963024216 0.3603428071642732   
33 231 0.06933321658387831 6.865986979784944 0.2214298300186619 2.2959163116879902e-01 0.2708627657598655 0.48787047137759865   
34 238 0.07449338552726184 7.061368830871605 0.2214298300186619 2.3748402548828987e-01 0.2764030342610999 0.3122862070458436   
35 245 0.06761727844202403 6.972313231816723 0.2214298300186619 2.4830001003323149e-01 0.27018359626000626 0.30687668216758096   
36 252 0.06303760888182307 6.774118429790144 0.2214298300186619 2.5887856061170744e-01 0.28458779972981074 0.3376989372955814   
37 259 0.05551158568940485 6.496674202891186 0.2214298300186619 2.4586435622158709e-01 0.3037426462235083 0.4319091769605604   
38 266 0.05728368809644167 7.6028105523575995 0.2214298300186619 2.7203992153027684e-01 0.3403842323181443 0.3664168142019152   
39 273 0.06318609241205694 8.257256309847255 0.2214298300186619 2.6538402751308227e-01 0.2929258010153862 0.32928955594658615   
40 280 0.0869981289128131 8.953286924764287 0.2214298300186619 2.4766481573109481e-01 0.29046670297617855 0.3219735222877659   
41 287 0.09564108117448829 10.026664052144115 0.2214298300186619 2.4144086684698793e-01 0.26690204973470777 0.3142463662756256   
42 294 0.11730552191939608 9.760791301264085 0.2214298300186619 2.4266144119911165e-01 0.3313615352057746 0.38507162855087024   
43 301 0.12155069864204379 10.755381317922968 0.2214298300186619 2.4678473615724658e-01 0.3019799346535324 0.3504609312867314   
44 308 0.11078271079056384 11.028700703471491 0.2214298300186619 2.3705767978665707e-01 0.2623875569256478 0.3134815323562434   
45 315 0.09928475177903007 9.95204755259486 0.21844130533659709 2.1844130533659709e-01 0.2847983663225707 0.3588911534865838   
46 322 0.09955238410237496 9.906581085272817 0.21844130533659709 2.7315066092034113e-01 0.30219844206167173 0.35176795324526733   
47 329 0.07938290996150305 9.71158905769804 0.21844130533659709 2.3868991135048617e-01 0.2881382431084416 0.3201654165489271   
48 336 0.06328309798125886 11.293783293273862 0.21844130533659709 2.4512982772951858e-01 0.34812017018955804 0.46713584465235286   
49 343 0.05062762249042998 10.55108078911619 0.21844130533659709 2.3205880549619687e-01 0.2743088851838192 0.30610822700301965   
50 350 0.049018291331988234 9.975957823627766 0.21844130533659709 2.4557086126048444e-01 0.27798158197310163 0.30556769987333104   
51 357 0.04470982517010615 11.271349486803949 0.21844130533659709 2.6344303602302321e-01 0.28122701979654124 0.5358494581926831   
52 364 0.03779876238810626 11.393163674430712 0.21844130533659709 2.5129461190955910e-01 0.2771121897437945 0.36626021709621776   
53 371 0.03986111434245295 12.43754857914863 0.21844130533659709 2.4175245484970759e-01 0.2947825439956184 0.35394997986922744   
54 378 0.03452348895627726 15.828669519658447 0.21844130533659709 2.2671487806495741e-01 0.295057221295334 0.3576604471504176   
55 385 0.03143200432312255 16.240351730611053 0.21844130533659709 2.5134941853666587e-01 0.27465416635309686 0.29581868909668474   
56 392 0.02655189992549801 15.249524758947471 0.21844130533659709 2.3717984083059107e-01 0.25591660120199905 0.400220753266708   
57 399 0.021379795781471686 13.746458340422889 0.21844130533659709 2.5378619621670662e-01 0.2830221362857781 0.3630772318070757   
58 406 0.022673747757963734 11.901859086874499 0.21844130533659709 2.3995841044574237e-01 0.27319705473215294 0.32117756763051725   
59 413 0.019600222510337863 11.058620800379138 0.21844130533659709 2.5667624701285813e-01 0.2817957776448336 0.3938507354006387   
60 420 0.02022731629773904 10.993457001668704 0.21844130533659709 2.8367074463881725e-01 0.36947807804931093 0.43086225092324   
61 427 0.018609693663742974 10.972017226095616 0.21844130533659709 2.5378928819074686e-01 0.31229739030220866 0.3807541512560976   
62 434 0.01588755958493102 12.605128295374879 0.21844130533659709 2.4382960148898358e-01 0.34548028777067297 0.47173879919017153   
63 441 0.01586076346687566 14.046971188264068 0.21844130533659709 2.2655625939392074e-01 0.2597294779245206 0.3760354245542018   
64 448 0.013032400585187114 16.226215525253757 0.21844130533659709 2.5000428815175496e-01 0.2623141076558836 0.3120102806529352   
65 455 0.0114717696800916 18.471581209390987 0.21844130533659709 2.3540055389035391e-01 0.29588455496709626 0.3741862371814542   
66 462 0.010886662526445422 21.34670366030058 0.21844130533659709 2.2766813270446667e-01 0.27876499597121995 0.33553467704419887   
67 469 0.009578011726399362 21.141898503279588 0.21844130533659709 2.5168500134775595e-01 0.30386174726685394 0.3659822844900486   
68 476 0.0106200329968648 22.396186643485212 0.21844130533659709 2.6861165234959322e-01 0.3351702459857096 0.3736669234214165   
69 483 0.01144104623455353 21.776085528344755 0.21844130533659709 2.2672098242593938e-01 0.3009328999723382 0.4206386798832234   
70 490 0.012605110871781207 22.031779765870315 0.21844130533659709 2.3406256605839013e-01 0.27370648134902614 0.39438251750637027   
71 497 0.011476551468707748 25.62243770933231 0.21844130533659709 2.2964538086743830e-01 0.29806377349216456 0.31749945774958027   
72 504 0.011526170813411705 26.849120714923476 0.21844130533659709 2.6300735944838061e-01 0.2958865520305508 0.38215935286435326   
73 511 0.013937080527740618 30.185280993218214 0.21844130533659709 2.2936229904237762e-01 0.253322548451381 0.4879839675138209   
74 518 0.015390010425721214 26.12913098643833 0.21844130533659709 2.3192721850517281e-01 0.33245596200932553 0.38307419563586786   
75 525 0.015486565418544406 20.476142436574072 0.21844130533659709 2.6619903887172941e-01 0.3098760395974958 0.40269490102306243   
76 532 0.016288015859150132 15.122555126295525 0.21844130533659709 2.5571534915791333e-01 0.2659429656346304 0.40398883424128007   
77 539 0.016289500302616198 18.708975456870846 0.21844130533659709 2.2614951523445886e-01 0.2978328079928463 0.3525443859558612   
78 546 0.016722414277267915 15.598323767473056 0.21844130533659709 2.4984087232944824e-01 0.2624248072904597 0.3301332614406383   
79 553 0.019503766774386283 15.928651729087495 0.21844130533659709 2.4678278914881244e-01 0.2774631320486631 0.32464702367760173   
80 560 0.018342435824341773 20.584233057895993 0.21844130533659709 2.5794997878991693e-01 0.3338371562366591 0.4120837780766216   
81 567 0.016205455449576314 19.417271513179276 0.21844130533659709 2.5702010944641546e-01 0.2794406129729733 0.3520026960065605   
82 574 0.015418084699872086 18.280926478657086 0.21844130533659709 2.5181685784215074e-01 0.3093566379599382 0.36167099714786266   
83 581 0.014403419829383118 19.27490366105545 0.21844130533659709 2.4328305654792845e-01 0.3522739171939414 0.6327814487233616   
84 588 0.01337391296712843 21.264244340735154 0.21844130533659709 2.8324971527517162e-01 0.301252634310431 0.4044623094341034   
85 595 0.013592893226893998 21.79787866821231 0.21844130533659709 2.6632437872564352e-01 0.28482096694503645 0.32743122327394664   
86 602 0.012717950134899096 19.136711820440325 0.21844130533659709 2.5850835527452720e-01 0.30949876212032684 0.39711581765502063   
87 609 0.01000809660489284 14.060341289992365 0.21844130533659709 2.2338992540264974e-01 0.2656291283525988 0.39738901005147786   
88 616 0.009490439681288897 14.120549091026133 0.21844130533659709 2.6441620297528362e-01 0.2818009323347653 0.32161960146361723   
89 623 0.008564826076393086 13.691618443432338 0.21844130533659709 2.3403799072702239e-01 0.27667171349198727 0.5526119849709595   
90 630 0.00915921537886987 16.451599205315084 0.21844130533659709 2.6179343181242787e-01 0.2865261318710671 0.3019784558478886   
91 637 0.008742894004588638 18.765860139428472 0.21844130533659709 2.6790429180185943e-01 0.2854757400153148 0.3544862535256657   
92 644 0.00985838600323457 17.835270449601655 0.21844130533659709 2.7608989859434763e-01 0.31385774280821344 0.39060531280624583   
93 651 0.01223500311048455 20.176315038819368 0.21844130533659709 2.3343267892510658e-01 0.30154679996327116 0.3683577706577752   
94 658 0.01845925179697208 15.875415620661903 0.21844130533659709 2.4794032050656312e-01 0.26634272536750864 0.52975355364704   
95 665 0.017769564021241174 15.812385586954996 0.21844130533659709 2.6979784738847978e-01 0.3004814241639822 0.3715835131818831   
96 672 0.016269573509601693 14.239819025412505 0.21844130533659709 2.4663421355506976e-01 0.2913011037144016 0.30576539494559085   
97 679 0.013927688446729635 12.994550991458038 0.21844130533659709 2.1999129842082174e-01 0.28071379715614214 0.30674951814051465   
98 686 0.016759353893831982 14.112900624807184 0.21844130533659709 2.2833600463856840e-01 0.29847752753843537 0.34350710064052065   
99 693 0.017826489159591487 17.772807076158912 0.21844130533659709 2.4127753734154472e-01 0.3091287320527817 0.405597164806333   
100 700 0.014418698924699182 17.586777926888924 0.20833670538278448 2.0833670538278448e-01 0.2695876829030453 0.301542976415762   
101 707 0.012710833317221401 15.093852274115328 0.20833670538278448 2.4996542029314378e-01 0.2602123309014862 0.35530926104816746   
102 714 0.011768589787060949 14.30999101194564 0.20833670538278448 2.2590357220875704e-01 0.25035939803948726 0.34434608710106984   
103 721 0.011520974931898492 13.683028108826418 0.20833670538278448 2.4645105675326420e-01 0.29537602314817096 0.4185210569408274   
104 728 0.010919420559496665 14.956080031896851 0.20833670538278448 2.6194603622028612e-01 0.2850548774172742 0.40141043298126106   
105 735 0.009768539977037121 18.299918690010905 0.20833670538278448 2.3065561973202026e-01 0.30250617216119635 0.3416222289920618   
106 742 0.009690903172678594 16.50831061266595 0.20833670538278448 2.4368356261716942e-01 0.28107949449626557 0.4203768887126655   
107 749 0.011236354322056141 15.764277260133403 0.20833670538278448 2.3420648978245329e-01 0.2706083880594057 0.3967295229977458   
108 756 0.011106526352359137 20.914197472371526 0.20833670538278448 2.6271114853354416e-01 0.3273550756586903 0.42323703157193027   
109 763 0.011795368865841949 21.845176965700222 0.20833670538278448 2.4574933518065106e-01 0.3185261483593518 0.3799013661974451   
110 770 0.011186714543099979 25.558846537852393 0.20833670538278448 2.5632630588233302e-01 0.3208832971337591 0.37921688253181723   
111 777 0.01141721063828054 26.84960663345791 0.20833670538278448 2.9055366015222184e-01 0.3161854927409968 0.40244388594109554   
112 784 0.010786798276926163 22.848171411537997 0.20833670538278448 2.5642267643445127e-01 0.3385901738384275 0.3656552580411027   
113 791 0.009919048052954405 26.375822570801077 0.20833670538278448 2.7805385251005821e-01 0.3008055870214894 0.3573513141778463   
114 798 0.010341312633696854 30.968068135622744 0.20833670538278448 2.2843363653348395e-01 0.2804443809024814 0.47913640466625157   
115 805 0.010095177920688965 37.70387700769808 0.20833670538278448 2.3521394231351436e-01 0.3444251059235617 0.46539266543018587   
116 812 0.011503713978403376 37.52086166775275 0.20833670538278448 2.6804331066682807e-01 0.3149730340201933 0.42791343594115877   
117 819 0.013072299823399506 35.03109366670915 0.20833670538278448 2.2973359280773570e-01 0.3071047584339282 0.3421458537368342   
118 826 0.0147779121259633 33.578522855085055 0.20833670538278448 2.5075733107843434e-01 0.28749084450849816 0.3049582365011684   
119 833 0.013305158876373438 36.99842407981247 0.20833670538278448 2.1788444958880426e-01 0.3133532466589264 0.3571960886227396   
120 840 0.014487504030966433 34.58695968170779 0.20833670538278448 2.3937280450244372e-01 0.2678915625781578 0.31713402077979086   
121 847 0.01683518107409689 28.87234655206658 0.20833670538278448 2.3167261829784672e-01 0.3370527456893789 0.4145894961453921   
122 854 0.0164201932339695 30.742299781717797 0.20833670538278448 2.4895882175303097e-01 0.2810194112267907 0.4685576453535566   
123 861 0.022195747981270296 24.760952702646644 0.20833670538278448 2.5240906102854860e-01 0.289998260146477 0.3860678849170041   
124 868 0.029419642416797474 24.867688300700994 0.20833670538278448 2.3428087875479406e-01 0.2814036326218626 0.4482425877461359   
125 875 0.03682754532600596 23.549775222392135 0.20833670538278448 2.3923270768146623e-01 0.27628327828447374 0.3011652623071337   
126 882 0.03021482725010414 26.780601468389502 0.20833670538278448 2.9350943192094364e-01 0.32951163732834005 0.48163317904129366   
127 889 0.03273099422292826 23.691781166754684 0.20833670538278448 2.5061649255693230e-01 0.30840763718920505 0.37413815961232155   
128 896 0.029645358210597102 27.99698958350271 0.20833670538278448 2.5219431456347108e-01 0.30407248961990513 0.3906558008282496   
129 903 0.026536837419002327 26.513846207626386 0.20833670538278448 2.3167575173014804e-01 0.29166044868086943 0.389918452989441   
130 910 0.026642409968437367 25.326995606932964 0.20833670538278448 2.3765059579061312e-01 0.2712241665124391 0.42012726206409945   
131 917 0.029269873135428223 25.858696560638876 0.20833670538278448 2.3622129649171314e-01 0.27069939555587447 0.3551658936424977   
132 924 0.027845118685948526 29.703904880442575 0.20833670538278448 2.6286682521985189e-01 0.2809154603525686 0.40053126433492503   
133 931 0.02566346505520582 29.117113346928786 0.20833670538278448 2.4596036522883172e-01 0.29002459023869515 0.4330642168015528   
134 938 0.02924684953585989 25.603055756606626 0.20833670538278448 2.7430340966076966e-01 0.3027503527502411 0.3608645343822113   
135 945 0.024308294267307698 36.207725201337155 0.20833670538278448 2.4481779179965144e-01 0.30323062050784105 0.4344972548401006   
136 952 0.019938492322230113 31.957721058109602 0.20560432965863043 2.0560432965863043e-01 0.26490610583291563 0.32775946731218564   
137 959 0.017593837599493962 31.535144989920624 0.20560432965863043 2.4564826235677009e-01 0.26766954953866157 0.3567047111152156   
138 966 0.017514916811251256 32.60153014806161 0.20560432965863043 2.7807341869125896e-01 0.3090857474555112 0.36075171676016876   
139 973 0.01597038021733756 36.51061408047955 0.20560432965863043 2.5050141571408518e-01 0.33624716703645235 0.5008470109566434   
140 980 0.014701443172719991 46.48485711658208 0.20560432965863043 2.6635269636461162e-01 0.29074440201517 0.3292935441928061   
141 987 0.016821232670121165 52.53254891610368 0.20560432965863043 2.4371271213044329e-01 0.2836281862020993 0.4133899176101393   
142 994 0.017985443339296085 80.88464832085279 0.20560432965863043 2.3619300403428650e-01 0.3131075237021378 0.4432216711825267   
143 1001 0.014129190791455078 73.79842054902447 0.20560432965863043 2.4468916281846192e-01 0.2569344343417868 0.35325359640308923   
144 1008 0.014708903562736391 83.3279060898983 0.20560432965863043 2.5887861817944213e-01 0.2752754994172376 0.3581748492053997   
145 1015 0.012253859243627992 70.33680572719662 0.20560432965863043 2.1673628988512297e-01 0.2749953081027101 0.3706539678196749   
146 1022 0.01501046865343536 64.62955351130313 0.20560432965863043 2.3227682978268949e-01 0.27014645271578686 0.3444834690054511   
147 1029 0.01192745656630904 88.40913972948923 0.20560432965863043 2.3859976614213704e-01 0.27453554332390856 0.3412621349627374   
148 1036 0.014638771398692697 76.64371316626573 0.20560432965863043 2.3887357240322776e-01 0.2803207679262177 0.4374113150987075   
149 1043 0.015543225878308977 87.35563692098442 0.20560432965863043 2.7763063538728133e-01 0.3088118448708089 0.4834319117089141   
150 1050 0.01423326891209919 82.4285804583349 0.20560432965863043 2.2081334177148026e-01 0.30375272754566945 0.33354631668687473   
151 1057 0.013623183204932174 78.94809760673878 0.20560432965863043 2.4237505461056813e-01 0.2832390541851858 0.34343941822363444   
152 1064 0.01602200475573725 83.35255380812866 0.20560432965863043 2.3953913704739549e-01 0.27334667219068587 0.31502470324635257   
153 1071 0.02234710721652759 78.82807010387346 0.20560432965863043 2.6824979612586158e-01 0.2976405871674336 0.3651210876005089   
154 1078 0.0277862490292007 81.17998756554131 0.20560432965863043 2.3407125779218063e-01 0.2963447587271333 0.42345956348372576   
155 1085 0.02624546911861926 138.96538960610053 0.20560432965863043 2.1606024813725611e-01 0.3062316360476694 0.4036251551511949   
156 1092 0.02327591010087337 166.16274790073518 0.20560432965863043 2.2992018350100057e-01 0.2821656521125633 0.4521786540543342   
157 1099 0.02535454311674416 178.15258063624037 0.20560432965863043 2.6292263515245928e-01 0.31245396097666 0.4049131015371044   
158 1106 0.023728120426568976 152.75951406260083 0.20560432965863043 2.7266639517704921e-01 0.293857365209673 0.461938102633737   
159 1113 0.024852507732067385 166.56132323359216 0.20560432965863043 2.4100187741725637e-01 0.30241415407182437 0.39040917954704235   
160 1120 0.025842241039451406 187.5185132255627 0.20560432965863043 2.6848837800692482e-01 0.28839804925295487 0.3225351472584303   
161 1127 0.025367749477742854 206.69978849883051 0.20560432965863043 2.7106644305542227e-01 0.30884174772671097 0.43930143079935263   
162 1134 0.027932059409041077 193.35349873457753 0.20560432965863043 2.5694690700041456e-01 0.3018716527360165 0.3629536864902397   
163 1141 0.03244553186827163 159.46024974460767 0.20560432965863043 2.4829921965622742e-01 0.3292843480147231 0.37988033470088023   
164 1148 0.031931229869150764 123.75449439182877 0.20560432965863043 2.2069664202208683e-01 0.3544494259338115 0.39758883708162457   
165 1155 0.030049634982115332 131.405945744888 0.20560432965863043 2.6556383685870100e-01 0.2863867359179101 0.39293538723275095   
166 1162 0.03290856976045847 155.55237307904164 0.20560432965863043 2.3910996077900223e-01 0.2937874667823838 0.34032613040823845   
167 1169 0.03131157350261354 188.67328969797512 0.20560432965863043 2.4761695122592228e-01 0.3432242597728819 0.6356003865603247   
168 1176 0.033066995937842784 221.66979941793213 0.20560432965863043 2.5127956031237519e-01 0.26299167861543793 0.38804409018694763   
169 1183 0.04090141088325586 209.619200496037 0.20560432965863043 2.4930749954386161e-01 0.2745439927956248 0.3291722033169156   
170 1190 0.04218462439697894 176.49098985147083 0.20560432965863043 2.3195598160075015e-01 0.24399806652344166 0.3704045429896262   
171 1197 0.055245929230762464 160.31620454807197 0.20560432965863043 2.3786834186462924e-01 0.27114105612022743 0.35992358265742397   
172 1204 0.06583936731461405 152.90214512546075 0.20560432965863043 2.5226446067899710e-01 0.30202863178990086 0.45902063081036254   
173 1211 0.05423797528815111 134.4093898340714 0.20560432965863043 2.1957088079958945e-01 0.27733752757935887 0.4063342584558229   
174 1218 0.0627954813673483 140.11547180886464 0.20560432965863043 2.5031775140049800e-01 0.2961963519404892 0.5075361451900734   
175 1225 0.08502555128070782 215.02025530326404 0.20560432965863043 2.2850160108840245e-01 0.2650509491612482 0.418511356568003   
176 1232 0.11759255048237643 222.96757958255543 0.20560432965863043 2.2084641848616923e-01 0.2828807594412677 0.49652880724387005   
177 1239 0.1471562366899174 206.8133192184542 0.20560432965863043 2.6900823172079646e-01 0.28476353640780916 0.31335299081750384   
178 1246 0.14760599023487012 178.30085438089841 0.20560432965863043 2.5125575970037017e-01 0.34565782270701517 0.41545700125276563   
179 1253 0.13264727986865948 147.41375129726654 0.20560432965863043 2.4384398750973452e-01 0.3023991873814798 0.4410676149028648   
180 1260 0.1272465545784149 143.50114742364082 0.20560432965863043 2.5567356297257110e-01 0.28382697136614987 0.4021157538935841   
181 1267 0.14223366584673883 139.03108943065644 0.20560432965863043 2.3715628109843306e-01 0.30631265354431114 0.4428674837718549   
182 1274 0.15477415299066766 178.91910494081935 0.20560432965863043 2.5774691686743090e-01 0.30997274666737606 0.4845192615783417   
183 1281 0.14729348326927505 213.2177312578513 0.20560432965863043 2.1336004857540480e-01 0.30527967493898917 0.4502607286728746   
184 1288 0.12134594503033211 228.15012188820313 0.20560432965863043 2.4742345512514963e-01 0.28299111242747205 0.3634676033901862   
185 1295 0.13480834578935708 204.74968431581823 0.20560432965863043 2.5002394121314764e-01 0.2693856020880261 0.2958083423437652   
186 1302 0.13038072820800706 241.0138496622062 0.20560432965863043 2.5429446239523701e-01 0.2742471044229925 0.33271120692789635   
187 1309 0.11344025092064056 274.4307971848647 0.20560432965863043 2.5374863494893224e-01 0.3007230199592462 0.372213669347953   
188 1316 0.08975085652075163 284.49004751342676 0.20560432965863043 2.2364015666603504e-01 0.2844628930291229 0.29744811562624646   
189 1323 0.09799760510265924 324.7922061407582 0.20560432965863043 2.2944132569532072e-01 0.2506425560648527 0.34187281454553664   
190 1330 0.09782977494568033 352.95247130893284 0.20560432965863043 2.7403500903611633e-01 0.28244247906835096 0.36712472009282754   
191 1337 0.09128383600054225 454.3186520431055 0.20560432965863043 2.6093887954429307e-01 0.27539235359521674 0.3716593417551278   
192 1344 0.09371423813151865 437.03125952336654 0.20560432965863043 2.2704067033542191e-01 0.25572302093830696 0.4142440945714674   
193 1351 0.12116122905328819 547.6633042099064 0.20560432965863043 2.4992850778210093e-01 0.2953810089943356 0.38885031557917615   
194 1358 0.10987091785289922 720.3128255131181 0.20560432965863043 2.4583979352172816e-01 0.2746566801422895 0.37638118268207404   
195 1365 0.13012366699657404 658.9762197525915 0.20560432965863043 2.2736948502744331e-01 0.26544466174823955 0.34046469509217003   
196 1372 0.163925861198658 706.1308158969905 0.20560432965863043 2.4081458529341768e-01 0.2696147933342343 0.30417610106841103   
197 1379 0.1805019622669494 750.1744589266644 0.20560432965863043 2.7525821945156254e-01 0.29498294396586716 0.3324078128235479   
198 1386 0.24807114416237055 822.7661988573421 0.20560432965863043 2.6053215737386415e-01 0.3225382039010115 0.4769526254296042   
199 1393 0.3814562501034921 813.5059300873545 0.20560432965863043 2.7203878347336169e-01 0.29589144246960336 0.4608343574064297   
200 1400 0.4714201805336239 850.8864010764441 0.20560432965863043 2.8138300599980876e-01 0.33380255901273037 0.4381716530992843   
201 1407 0.4200207276652866 712.518032255424 0.20560432965863043 2.6356666107496046e-01 0.303702275012475 0.3508673417956022   
202 1414 0.34912234791072405 621.5932138971729 0.20560432965863043 2.3960927828358178e-01 0.2826068960979822 0.3408977543762677   
203 1421 0.36657061056214557 555.4478887796466 0.20560432965863043 2.5010835471904802e-01 0.28589882405487704 0.36968655414409307   
204 1428 0.4504940706585799 642.4841506646222 0.20560432965863043 2.5480432646602147e-01 0.29706246861937996 0.4714188282706141   
205 1435 0.5104472552613878 580.881505741128 0.20560432965863043 2.3698599307920831e-01 0.35915283034588097 0.6319662378977107   
206 1442 0.5633233409669746 644.5648229255561 0.20560432965863043 2.5613914469170529e-01 0.3215852025015423 0.44462541676640227   
207 1449 0.7290748562015343 701.2537176549097 0.20560432965863043 2.3573059207318967e-01 0.28650933124095646 0.3940013688506226   
208 1456 0.6372996348217637 705.705648038314 0.20560432965863043 2.7666709864530464e-01 0.32253833841311996 0.3453653469465186   
209 1463 0.7508464194729468 736.000182531038 0.20560432965863043 2.3116019330171123e-01 0.3099477208614103 0.6565932136179902   
210 1470 0.6765345840093714 819.0596767982872 0.20560432965863043 2.4074028003779416e-01 0.2710628807508678 0.8646441363137736   
211 1477 0.6815712688915847 893.5060653946327 0.20560432965863043 2.5758093227627105e-01 0.30881440528230375 0.4083444384905344   
212 1484 0.6144856197064236 913.3488596115051 0.20560432965863043 2.5246515303246381e-01 0.2789171598801276 0.4857027603092352   
213 1491 0.7813568628894716 928.8771232729241 0.20560432965863043 2.5058740466209056e-01 0.25748926133201516 0.3326966368612137   
214 1498 0.6598752850152865 1103.895841935387 0.20560432965863043 2.9249474329082203e-01 0.3132991458955196 0.4149006309681895   
215 1505 0.5519934585674138 1026.5064696497361 0.20560432965863043 2.5267943560428729e-01 0.275052485852474 0.32668446780394567   
216 1512 0.5432827368094972 1044.4175663660203 0.20560432965863043 2.2084107223585531e-01 0.2741841634478506 0.3018084217928649   
217 1519 0.5294701421695066 1030.9049742061857 0.20560432965863043 2.4151625412413363e-01 0.29266834954583987 0.8068798543407512   
218 1526 0.6103282815766673 909.7026095667878 0.20560432965863043 2.5024996961763957e-01 0.32087634238597873 0.6146556562258874   
219 1533 0.6396084992724291 933.5780153787995 0.20560432965863043 2.3638949562950951e-01 0.2619238748467225 0.3420191392722971   
220 1540 0.9127210043175573 878.2820811772009 0.20560432965863043 2.4051569063026315e-01 0.2950689205758739 0.40029366728819216   
221 1547 0.9907556602152056 946.7214500591118 0.20560432965863043 2.7023581986094058e-01 0.37368696650192873 0.6229172392378777   
222 1554 0.7958509719511939 783.3387533614817 0.20560432965863043 2.4600772195527240e-01 0.30756942240305135 0.44470173578412514   
223 1561 0.7526637955892623 871.4693673422123 0.20560432965863043 2.1535507749022964e-01 0.31001798797388236 0.43033554228314225   
224 1568 0.6901564368012485 908.710594656478 0.20560432965863043 2.2289961443641260e-01 0.2929098906965021 0.49794425602988945   
225 1575 0.6295470711801716 795.6802584983018 0.20560432965863043 2.4947697512094352e-01 0.26239674831057697 0.30864556039795554   
226 1582 0.5996322682946342 801.7130099744041 0.20560432965863043 2.4708236891343519e-01 0.27439300013635876 0.4080951195429068   
227 1589 0.5356360471208754 659.2848517703088 0.20560432965863043 2.4505193115930909e-01 0.2887194361193519 0.5334399228645397   
228 1596 0.4927211295747037 763.2253485473083 0.20560432965863043 2.5938278686238470e-01 0.2645927312768154 0.3541553015837517   
229 1603 0.5075737056787005 830.3473841773924 0.20560432965863043 2.3972081649398691e-01 0.31008751484393005 0.6253225733349606   
230 1610 0.4069754756440184 750.1577414946619 0.20560432965863043 2.7905207248893843e-01 0.3521619199230306 0.6213545860622272   
231 1617 0.36708064496899734 774.3824926532004 0.20560432965863043 2.6386664634476137e-01 0.35269325545220287 0.6972229018315255   
232 1624 0.3573594097106097 904.2490830576409 0.20560432965863043 2.1544295158667992e-01 0.2833753098057293 0.4969362839036207   
233 1631 0.37651443036347404 813.4191378144602 0.20560432965863043 2.1395490875215162e-01 0.3264423274017913 0.4972219795052929   
234 1638 0.304359343641977 851.873735391225 0.20560432965863043 2.4620256484786610e-01 0.3035678325075547 0.44499227049043794   
235 1645 0.40994219751784056 925.1091377392088 0.20560432965863043 2.6423505738993880e-01 0.31185351719694715 0.6038907614086328   
236 1652 0.46473065294953136 798.7950326969639 0.20560432965863043 2.3037815923368310e-01 0.2999239639727009 0.6599863228457409   
237 1659 0.46704308332592137 692.8524247525875 0.20560432965863043 2.6589800476051517e-01 0.39998192208516786 0.7503553035375563   
238 1666 0.3706668518122968 680.6889646734797 0.20560432965863043 2.3234971828965822e-01 0.30561199668118866 0.4802017613450009   
239 1673 0.4073291061673489 625.2206787704633 0.20560432965863043 2.2811494732821183e-01 0.3387729050482197 0.4185232204275847   
240 1680 0.3736305238271432 779.3712213189729 0.20560432965863043 3.0392323873745258e-01 0.43091548149097547 0.5885023829233222   
241 1687 0.29281265045258814 836.5339383905543 0.20560432965863043 2.8600720960360926e-01 0.43208373536422673 0.679789240932786   
242 1694 0.330948548109461 893.8439699380161 0.20560432965863043 2.5064438721001830e-01 0.4518689137619454 0.5677408581906902   
243 1701 0.3956585140229339 893.063786475097 0.20560432965863043 2.3030860802490305e-01 0.33658116760014906 0.7763001042169895   
244 1708 0.49722186599949114 1001.9532574007875 0.20560432965863043 2.4181615798708653e-01 0.3523877761522245 0.5720337672292477   
245 1715 0.48125033325066674 815.9754198289353 0.20560432965863043 2.1763328788534156e-01 0.26322039064704017 0.3449155594147023   
246 1722 0.4841985040630772 772.5382734048205 0.20560432965863043 2.5467578135560820e-01 0.2875321855173778 0.4105200119302521   
247 1729 0.6317308728038548 905.7270386289589 0.20560432965863043 2.3956426875184078e-01 0.3260893680818803 0.5510421509540682   
248 1736 0.701349943234533 765.8518922376635 0.20560432965863043 2.4672144249670980e-01 0.29154380362564924 0.4350176599171984   
249 1743 0.5849133092903598 721.0554993538149 0.20560432965863043 2.3685508873425140e-01 0.2944666610737249 0.3408306166594077   
250 1750 0.4714240971509618 563.5556919243013 0.20560432965863043 2.5070494199624388e-01 0.34980296619161083 0.4122568799402935   
251 1757 0.5878988305632088 488.32932547157554 0.20560432965863043 2.7975332688585025e-01 0.28714671225128086 0.45109920799066244   
252 1764 0.5429015797455694 470.2634471645235 0.20560432965863043 2.5002807466579074e-01 0.2715902737281197 0.3947441009834082   
253 1771 0.5655927910420113 395.97592158832833 0.20560432965863043 2.7200920182788274e-01 0.31256991503683057 0.5539681255322086   
254 1778 0.541647305687396 448.9511244255032 0.20560432965863043 2.3628341643623105e-01 0.39164018476912266 0.4611848488541695   
255 1785 0.6927539911709061 378.9347901166312 0.20560432965863043 2.3358116659076711e-01 0.3020754817710593 0.4371529512421774   
256 1792 0.7178361352658476 336.68131665001346 0.20560432965863043 2.4732620973647990e-01 0.4171485687946045 0.4436499212962647   
257 1799 0.8400571996781946 335.7604135965389 0.20560432965863043 2.5688579381062066e-01 0.3268161860767394 0.473310545756482   
258 1806 0.8873430323167618 323.6051187565112 0.20560432965863043 2.6848636457989444e-01 0.3269953927364713 0.4796627443758451   
259 1813 0.7654204140435988 295.512165845225 0.20560432965863043 2.5965567194839162e-01 0.3168588333376086 0.40972888011236136   
260 1820 0.7413755962387941 322.60970253918725 0.20560432965863043 2.3895673109780266e-01 0.28122389631670724 0.36890225802957216   
261 1827 0.5507319551178367 327.7673287847589 0.20560432965863043 2.4654970254476485e-01 0.27493503585045154 0.46975288898958467   
262 1834 0.521811792751686 342.50849406878683 0.20560432965863043 2.2276913644650664e-01 0.2739714421590726 0.41396872061147344   
263 1841 0.617908224951259 371.99436933613595 0.20560432965863043 2.3627229800763067e-01 0.27286337359019075 0.31264248560974145   
264 1848 0.6828549976758942 368.9464005346727 0.20560432965863043 2.5888588377973148e-01 0.378368522484319 0.6491634543769742   
265 1855 0.6145498992005419 379.4372302538979 0.20560432965863043 2.6431574720759160e-01 0.29802937862100426 0.49136041456291557   
266 1862 0.5106373640287936 362.0378180749792 0.20560432965863043 2.4600081026665269e-01 0.30690096567973946 0.456655412693018   
267 1869 0.5363995198726799 302.78190524943324 0.20560432965863043 2.6982852579680777e-01 0.3514265463767863 0.5634491579605149   
268 1876 0.5159539146577491 386.0848791400513 0.20560432965863043 2.3915937965075806e-01 0.3156261793802993 0.45534861173606955   
269 1883 0.7816932080490522 349.0138796628833 0.20560432965863043 2.2029698593426331e-01 0.3210509042409773 0.5094625109039402   
270 1890 0.8512188737244923 364.1853643847803 0.20560432965863043 2.6622821819051118e-01 0.43053961935567775 0.6465575915411479   
271 1897 0.7507641159003858 312.6016490711101 0.20560432965863043 2.3875944524653353e-01 0.29191057979942747 0.4702868689672587   
272 1904 0.689208604548817 275.6017103776368 0.20560432965863043 2.5072195290876409e-01 0.3460102960939743 0.5927076062085209   
273 1911 0.546592641977569 317.2810150737142 0.20560432965863043 2.5701543281018296e-01 0.292122500911388 0.426128894142462   
274 1918 0.4706818223660773 268.6994435919775 0.20560432965863043 2.5656829719810315e-01 0.3881166559931862 0.7113358682895872   
275 1925 0.4920499091434438 268.5201656812145 0.20560432965863043 2.4604389743286842e-01 0.3641852207944638 0.6439402246474242   
276 1932 0.41573284965178453 286.5058097453277 0.20560432965863043 2.6598068236705091e-01 0.2992818849313328 0.44630820917267516   
277 1939 0.4118688065684614 359.19899466959447 0.20560432965863043 2.5769318115479400e-01 0.35442081715507 0.7062603763889073   
278 1946 0.4682169513224349 370.86165631929265 0.20560432965863043 2.6081805224954918e-01 0.35179471257814277 0.4123117467760809   
279 1953 0.4242380460177414 318.1668946681459 0.20560432965863043 2.5689013292346646e-01 0.3658179277124243 0.6299191692832271   
280 1960 0.42874062501652943 284.10923311430815 0.20560432965863043 2.1645696367995265e-01 0.25278804995401316 0.4348561175528854   
281 1967 0.43499952429113986 303.42934339888103 0.20560432965863043 2.5357580747979913e-01 0.33128678777045706 0.5441759984695712   
282 1974 0.4606106043020009 297.2427197516241 0.20560432965863043 3.2177549720147169e-01 0.39802150496642197 0.5873986080394734   
283 1981 0.35582099527075756 257.51747448498713 0.20560432965863043 2.3199945279296247e-01 0.289603506955394 0.6195630061434978   
284 1988 0.28913065796982934 243.10707820297407 0.20560432965863043 2.6706632038998007e-01 0.31702848172955606 0.5121264754957157   
285 1995 0.2911585317549225 269.2261006813647 0.20560432965863043 2.2257555207544363e-01 0.31315228774406634 0.694894152482833   
286 2002 0.32852253861274516 296.85621820455754 0.20560432965863043 2.3993138115552171e-01 0.3490485618082563 0.4749337219163273   
287 2009 0.36354597097737923 244.2921319933214 0.20560432965863043 2.3822537358361176e-01 0.41021303155069466 0.5318028067862245   
288 2016 0.2963688563817768 294.51745184942854 0.20560432965863043 2.4417345622422312e-01 0.280210318066325 0.7059217116805419   
289 2023 0.26458437900554016 261.08168326240053 0.20560432965863043 2.3479637550301052e-01 0.2908901032289987 0.4496569005545118   
290 2030 0.2569332796924481 238.9725743336288 0.20560432965863043 2.3898529511483801e-01 0.31801331093972685 0.5500576651885534   
291 2037 0.24335971324260522 231.27765158041348 0.20560432965863043 2.3181501467893151e-01 0.2642633553380515 0.6496586220811258   
292 2044 0.29752521862334314 220.13712644978204 0.20560432965863043 2.1616223996451059e-01 0.3266066206320919 0.42892430183700486   
293 2051 0.3460638139803328 175.54375720277378 0.20560432965863043 2.4090984172869714e-01 0.30779150368777647 0.649512732122115   
294 2058 0.3115330886637325 212.3154483030436 0.20560432965863043 2.1198981514199447e-01 0.3771269621526482 0.6511616306587787   
295 2065 0.3556580653717427 236.6192750637244 0.20560432965863043 2.4213498714948478e-01 0.29201592019106204 0.43154169203129034   
296 2072 0.3827770559728579 211.77824783413155 0.20560432965863043 2.4131216665167701e-01 0.3735624542452993 0.5397088505520948   
297 2079 0.37868025031469515 223.72044764484068 0.20560432965863043 2.4426844676889739e-01 0.2991193711437285 0.6350791142357314   
298 2086 0.3107775570798071 242.98859153839004 0.20560432965863043 2.1530743195157420e-01 0.29998662945962234 0.5559988061148874   
299 2093 0.2609881738683609 225.94692421725742 0.20560432965863043 2.3676061547706628e-01 0.28911743355288855 0.527784287026855   
300 2100 0.22539461327322113 199.62771737586735 0.20560432965863043 2.3160892335517458e-01 0.30368379408202206 0.3527911059784067   
301 2107 0.19158366310943425 165.44537448315185 0.20560432965863043 2.4542267112530913e-01 0.286247328057679 0.5998196877695343   
302 2114 0.17293355966007126 201.51152231767819 0.20560432965863043 2.4358133205381022e-01 0.39087937994351696 0.5144610998528172   
303 2121 0.17654645611101197 196.49284643716888 0.20560432965863043 2.5821708650653469e-01 0.2728539801936791 0.6379380411561314   
304 2128 0.18282755794485067 233.61515302234227 0.20560432965863043 2.4027145109068765e-01 0.2652321303938157 0.5158312702152825   
305 2135 0.1814961738031608 261.2708714661262 0.20560432965863043 2.3574438186625052e-01 0.26084601353754394 0.3807977367254376   
306 2142 0.18526198063084426 232.30986652524254 0.20560432965863043 2.6102166261550658e-01 0.33252329973728567 0.5440687136798281   
307 2149 0.2489604041082779 237.95701268223243 0.20560432965863043 2.7369427931382506e-01 0.3447144491797042 0.5545830188026444   
308 2156 0.2915133217380805 150.7757589771996 0.20560432965863043 2.3427278807489935e-01 0.3280636529059256 0.3971640123719162   
309 2163 0.29330473823367836 128.29857440798096 0.20560432965863043 2.4328290975907516e-01 0.28633561544636094 0.4730855366825216   
310 2170 0.2447574919008992 121.98798816892523 0.20560432965863043 2.3304266393053355e-01 0.3467121229706315 0.4807818802942537   
311 2177 0.2855506644090793 136.81250780699486 0.20560432965863043 2.2359316647726671e-01 0.3822730515370085 0.5123312650938993   
312 2184 0.23223877897112336 179.8040163126163 0.20560432965863043 2.5450492872197888e-01 0.31827874771147446 0.46325307783581327   
313 2191 0.24046086869480987 164.24997168129647 0.20560432965863043 2.2086654938603337e-01 0.31455955836222227 0.48367596127828366   
314 2198 0.2843712744779211 165.81813881103184 0.20560432965863043 2.2734394288810600e-01 0.38225352129553086 0.5258851457583417   
315 2205 0.2509389409059022 191.4046374443427 0.20560432965863043 2.4759167794561113e-01 0.37459986110266136 0.5114563507036052   
316 2212 0.2208419890686949 180.9481389276548 0.20560432965863043 2.8517513938045852e-01 0.3378822892790864 0.6326475028960923   
317 2219 0.2083812388443622 199.37529517117383 0.20560432965863043 2.3279987923482787e-01 0.24398299288618214 0.46314998816902625   
318 2226 0.22901416480750014 186.24363510220905 0.20560432965863043 2.5138184783304190e-01 0.2928948783017076 0.574831697924413   
319 2233 0.33551112946864803 182.0865512890222 0.20560432965863043 2.6167441626045213e-01 0.28401666721262453 0.46884255151796217   
320 2240 0.42173882816659847 176.5085497343694 0.20560432965863043 2.3745899935047760e-01 0.27752982012001237 0.5605697536928241   
321 2247 0.4565429967004452 211.1470695738458 0.20560432965863043 2.3661319923488031e-01 0.3010520370772817 0.5372388019445067   
322 2254 0.4251961766328107 234.2561944548028 0.20560432965863043 2.5783099051867553e-01 0.36474028696500993 0.652848721694133   
323 2261 0.4495411407809189 243.60664255292488 0.20560432965863043 2.4194048654585992e-01 0.2905319171628154 0.4222514098913821   
324 2268 0.4592474115760389 246.87403586807162 0.20560432965863043 2.7869047936624725e-01 0.3200984553168911 0.41008496653752774   
325 2275 0.40214711867932607 261.5617109540188 0.20560432965863043 2.5355658401740527e-01 0.39810868292935025 0.60262901140852   
326 2282 0.3819968319220999 251.59460231062528 0.20560432965863043 2.5402781904958915e-01 0.2968529796100342 0.5782382313770087   
327 2289 0.3979272836874897 266.14433505491496 0.20560432965863043 2.1946129614743567e-01 0.26212454260599183 0.42347265036357234   
328 2296 0.48081414461387295 248.10602402915353 0.20560432965863043 2.0972448115473488e-01 0.2850251394694683 0.4358036718872065   
329 2303 0.517822967098015 366.365156765049 0.20560432965863043 2.4083537614573280e-01 0.29799550633485083 0.5847103683241309   
330 2310 0.720604137055068 367.8155508308814 0.20560432965863043 2.7026095407281159e-01 0.383309868392207 0.43960384009047926   
331 2317 0.6682708761435264 426.91431583486906 0.20560432965863043 2.3028648601829171e-01 0.2832841777187553 0.3839632700555858   
332 2324 0.5261511177650239 437.2111420975411 0.20560432965863043 2.3926236333321110e-01 0.32672346743417197 0.444948415788604   
333 2331 0.448356483009278 456.69715514351947 0.20560432965863043 2.4870703895142984e-01 0.32167905999336127 0.4522386902820658   
334 2338 0.4736148526613564 440.89248506093315 0.20560432965863043 2.7329134270013949e-01 0.316919049419789 0.4422233387003532   
335 2345 0.4622674446571107 517.7599416013647 0.20560432965863043 2.4235807833008341e-01 0.31222004369632783 0.6205537687235868   
336 2352 0.4738280300530037 542.900926259209 0.20560432965863043 2.4641379513680656e-01 0.28502318632964907 0.39599759252139227   
337 2359 0.6383890866917797 555.9300612276346 0.20560432965863043 2.6404933234664080e-01 0.275971907637949 0.6789080437514294   
338 2366 0.7092199901640626 926.5357939370103 0.20560432965863043 2.4989600229155981e-01 0.28549687252266875 0.3867832711994847   
339 2373 0.7804740540508288 1187.3444156611185 0.20560432965863043 2.4539204390895242e-01 0.323897115982825 0.5863831797200535   
340 2380 0.9708221057301886 1216.0422223071455 0.20560432965863043 2.5340764192080262e-01 0.2975046420554098 0.5204239881038107   
341 2387 0.9757415246093234 1472.015335496658 0.20560432965863043 2.4651194757855086e-01 0.29686348638067944 0.3608047897137095   
342 2394 0.8003151943819313 1423.1116709140156 0.20560432965863043 2.4439318087695089e-01 0.3121835072734001 0.38765744735537805   
343 2401 0.8894921580726903 1548.641492152469 0.20560432965863043 2.3370285479085065e-01 0.34917936083274587 0.5409447993176281   
344 2408 0.7764132369825901 1309.1025931536624 0.20560432965863043 2.4488397994072386e-01 0.3556263014734839 0.6017855165184834   
345 2415 0.6266559451684787 1272.5292702963457 0.20560432965863043 2.2150481635877178e-01 0.33197311858264344 0.49945078313065344   
346 2422 0.6629423130769384 1133.3202326926958 0.20560432965863043 2.4907333164581533e-01 0.26859491188665935 0.5513534025814156   
347 2429 0.6514606282400247 1367.2300029777452 0.20560432965863043 2.3495053029304988e-01 0.2737457144811433 0.5505579442949988   
348 2436 0.6814657152063142 1560.6103963184676 0.20560432965863043 2.3108562747453601e-01 0.3846214904891477 0.4649535027278461   
349 2443 0.5739627487018931 1402.6021174790558 0.20560432965863043 2.3712713886280581e-01 0.2615043608700233 0.2979021651741409   
350 2450 0.46766283744897225 1394.9691741283757 0.20560432965863043 2.2604889235873293e-01 0.3337911938417989 0.548485348934242   
351 2457 0.4393672745541168 1264.0439122660916 0.20560432965863043 2.4359169047246657e-01 0.2835460544099689 0.359909343811083   
352 2464 0.5601278177607156 1196.6502417485447 0.20560432965863043 2.4627429045999633e-01 0.2802420890912122 0.36465776908950404   
353 2471 0.5337069870506193 868.7398711436397 0.20560432965863043 2.4896633667239507e-01 0.2847715939903316 0.4764908412284814   
354 2478 0.45678996080686585 848.0946684148744 0.20560432965863043 2.3134589630413663e-01 0.30998801024601097 0.46282016538507864   
355 2485 0.35299995454926153 779.5580820806908 0.20560432965863043 2.5012255458253146e-01 0.31174369958444187 0.41030060991676115   
356 2492 0.3397823668367179 690.5434992985747 0.20560432965863043 2.7656893634617341e-01 0.34183917034758876 0.5102196340749325   
357 2499 0.3836078142377664 858.7606805195423 0.20560432965863043 2.3909993511913899e-01 0.2856054587300371 0.3565992832583024   
358 2506 0.4232659862539666 893.5429121940182 0.20560432965863043 2.4183859212484049e-01 0.32165625202456505 0.4565639566559022   
359 2513 0.35953900540492656 849.8108858146845 0.20560432965863043 2.5938757609207125e-01 0.293827714638322 0.5139878147658038   
360 2520 0.39135224856323486 898.221289624776 0.20560432965863043 2.4559188559726811e-01 0.33836044393364106 0.4449022166957584   
361 2527 0.4692670499127031 916.0202981665736 0.20560432965863043 2.3345559178363964e-01 0.3142808451070176 0.5060391778304265   
362 2534 0.5818495849161427 886.896371918644 0.20560432965863043 3.0206077923310742e-01 0.3840782517029347 0.49575915659790143   
363 2541 0.5461427555041275 1123.2590623445733 0.20560432965863043 2.4653041333261733e-01 0.38409972253633134 0.48066653717872654   
364 2548 0.4862961263908464 1196.9689493753374 0.20560432965863043 2.2541788736632970e-01 0.2606894165325704 0.35840450321341494   
365 2555 0.4705516067022965 1339.815212146544 0.20560432965863043 2.2390864196169041e-01 0.27872695381053464 0.5091288798401729   
366 2562 0.4783634367882233 1314.9735331306877 0.20560432965863043 2.5676885183478038e-01 0.3298910662830785 0.47854406044432846   
367 2569 0.37879313047699575 1355.0401918614484 0.20560432965863043 2.3713005326878797e-01 0.26511234155661567 0.5756341451569954   
368 2576 0.38018182240618115 1381.1774408779224 0.20560432965863043 2.5357048352238232e-01 0.2637195436886426 0.45877757704124306   
369 2583 0.5326426250377242 1372.6324656039747 0.20560432965863043 2.3414068634735319e-01 0.2754315873935189 0.4127910922460204   
370 2590 0.6648711264341909 1307.7878389780205 0.20560432965863043 2.5815184422561754e-01 0.297452844449526 0.4825711712843306   
371 2597 0.7538237802711673 1355.9887205290704 0.20560432965863043 2.6867754024315421e-01 0.29336755760717786 0.4188381144815122   
372 2604 0.8150183358025233 1360.5350472261393 0.20560432965863043 2.7204468013815403e-01 0.29720988971988416 0.47921066302720294   
373 2611 0.759530540988602 1309.398174809431 0.20560432965863043 2.2890008091355962e-01 0.26680511326688683 0.3935355397770015   
374 2618 0.700908318054627 1493.8067123104902 0.20560432965863043 2.8472022614399395e-01 0.30520760075524345 0.3808511333734278   
375 2625 0.8001997550717703 1539.42948298648 0.20560432965863043 2.3295252482949244e-01 0.3017234527512218 0.4154672585487891   
376 2632 0.795390837425688 1450.3470386594497 0.20560432965863043 2.7169499699264604e-01 0.33993984782288983 0.4557837016491239   
377 2639 0.7430974300006523 1472.350499234841 0.20560432965863043 3.1792110178858690e-01 0.41386865862554 0.6210763001222995   
378 2646 0.6049233329039501 1301.1916652145171 0.20560432965863043 2.3992708357372725e-01 0.3046238645735938 0.4883137707905112   
379 2653 0.6056815211195475 1233.763890037309 0.20560432965863043 2.4990486631317521e-01 0.36254245231221016 0.5467658833357402   
380 2660 0.5253775051184686 1268.8011996055136 0.20560432965863043 2.4051262742402194e-01 0.271334840770296 0.4256419241176828   
381 2667 0.4213016972358761 1175.1936968926784 0.20560432965863043 2.5807781143894676e-01 0.31347055175306765 0.6482494086156704   
382 2674 0.3600343594816108 1279.8672093437733 0.20560432965863043 2.5069877418260428e-01 0.26833854710373806 0.4058905873316093   
383 2681 0.33310232007292545 1269.4194843702471 0.20560432965863043 2.6873425983661881e-01 0.3165768628144189 0.40084527879465714   
384 2688 0.42099534013021866 1566.215980636259 0.20560432965863043 2.5419977054095239e-01 0.3437265096799333 0.42496164422392946   
385 2695 0.4551619575404169 1449.704891876865 0.20560432965863043 2.4940906336519994e-01 0.3363623521559182 0.4394799677589423   
386 2702 0.4470640900084798 1454.8967399120488 0.20560432965863043 2.3006212202988369e-01 0.3060518270836776 0.427530617564591   
387 2709 0.3541340818207279 1496.857928401249 0.20560432965863043 2.2967221714426803e-01 0.3755430024813536 0.5969449529205169   
388 2716 0.33066027384603836 1501.4593839244792 0.20560432965863043 2.7211822808300451e-01 0.304306450874834 0.3451176114995565   
389 2723 0.2756300115756654 1543.240324461356 0.20560432965863043 2.5009648440951826e-01 0.2736039070225341 0.31307737423142334   
390 2730 0.21147609301112766 1347.4503369061695 0.20560432965863043 2.5591144428200391e-01 0.27900288234441756 0.43082315365064805   
391 2737 0.1854947910138204 1444.1773127313434 0.20560432965863043 2.4347931372995535e-01 0.3242209878286725 0.4888509960826391   
392 2744 0.15802149137922017 1474.8279522164232 0.20560432965863043 2.4426610285048411e-01 0.2907853570189679 0.568650738583657   
393 2751 0.13511782631360877 1349.4772465469764 0.20560432965863043 2.5020717917414664e-01 0.2869366363488704 0.39892029264824336   
394 2758 0.1483799327190397 1365.724739464941 0.20560432965863043 2.5578988551548948e-01 0.3550236129191353 0.600759799190193   
395 2765 0.12892517834792666 1192.010956370416 0.20560432965863043 2.6447713399730050e-01 0.31449046109777945 0.41768309714665386   
396 2772 0.13582700414458385 1427.5271081998746 0.20560432965863043 2.2311917393380826e-01 0.42202432204472384 0.5090754857835517   
397 2779 0.12048035268707599 1241.9097933245914 0.20560432965863043 2.3654729172337421e-01 0.34201809805295674 0.46084335326432546   
398 2786 0.12520447761805642 1158.3548037525613 0.20560432965863043 2.6380663284765271e-01 0.288461135980162 0.47919840362270905   
399 2793 0.17616637860172676 805.5140979137484 0.20560432965863043 2.6770183633694861e-01 0.2999935029664032 0.5439185211705049   
400 2800 0.2036935733099313 740.9893720961549 0.20560432965863043 2.2443520502332884e-01 0.3022841269704401 0.647213733979966   
401 2807 0.2224987606998628 730.0960265198795 0.20560432965863043 3.0511468621128962e-01 0.36226809306152513 0.5184240384703502   
402 2814 0.23266648276525292 645.7164035801394 0.20560432965863043 2.4505757042384424e-01 0.2943812664853417 0.39265775808582154   
403 2821 0.235984949706345 610.0616939083162 0.20560432965863043 2.1734104009732061e-01 0.2666948441838798 0.48612024957337263   
404 2828 0.22693138113130829 685.4687200546429 0.20560432965863043 2.3693936870032398e-01 0.3029077452553001 0.4349083523692901   
405 2835 0.2271702552813201 672.3778722333042 0.20560432965863043 2.7904986728913272e-01 0.3117278073774236 0.5823866457319684   
406 2842 0.23462728622833887 636.7951333780995 0.20560432965863043 2.1863316174641570e-01 0.2894484722828612 0.40082899283565815   
407 2849 0.2549085366925579 520.6643399067011 0.20560432965863043 2.5027523795342227e-01 0.35062292837925013 0.60283953657077   
408 2856 0.28603576983745416 483.39066741439984 0.20560432965863043 2.1285044563931060e-01 0.31417474426991426 0.4896740590760247   
409 2863 0.3559548624324536 519.873995837366 0.20560432965863043 2.3434067533487635e-01 0.35424736907492443 0.45051319262727624   
410 2870 0.3878558219443614 661.543846042335 0.20560432965863043 2.4623267983403163e-01 0.35663867862066306 0.5796488438540787   
411 2877 0.3413704883728505 744.3069865829848 0.20560432965863043 2.5557875417007470e-01 0.3141971187861757 0.4367451219031224   
412 2884 0.399055483063269 769.2991215570734 0.20560432965863043 2.5422429465793189e-01 0.32458297079568826 0.4523738814596267   
413 2891 0.3590385186730688 632.3631025187541 0.20560432965863043 2.2043491990300959e-01 0.35072683530881144 0.5598585155314137   
414 2898 0.37737095529808234 614.5393121469533 0.20560432965863043 2.9182095433453009e-01 0.3436256389771812 0.42836466965481246   
415 2905 0.3870534295773478 529.5231079055075 0.20560432965863043 2.4851699809282377e-01 0.29332257482722845 0.3816527331212182   
416 2912 0.3085313488918487 545.3436302505725 0.20560432965863043 2.6517500479306616e-01 0.3393444426797296 0.43989114155909004   
417 2919 0.32391017977117903 580.5928508135726 0.20560432965863043 2.3869652569831756e-01 0.2894674576907564 0.6774640137020138   
418 2926 0.3049722686012485 505.4876927946988 0.20560432965863043 2.6245956633909306e-01 0.3714073948859134 0.4961933072467772   
419 2933 0.33068636796591067 513.3286368092754 0.20560432965863043 2.3394137404497761e-01 0.31987815314972884 0.3337413714234428   
420 2940 0.3196657932513029 406.1212763916845 0.20560432965863043 2.7427463971861044e-01 0.3250487976684079 0.5656004867038709   
421 2947 0.34815632343220626 380.416730034363 0.20560432965863043 2.7403612301909019e-01 0.3258528493928556 0.6265679720028623   
422 2954 0.34788428267046595 389.95227307985084 0.20560432965863043 2.2357903818512082e-01 0.3473230909100902 0.4186270511748416   
423 2961 0.47943282610409965 348.88835579658115 0.20560432965863043 2.2208285358654606e-01 0.33007175654676363 0.4958687420764893   
424 2968 0.5464057757996328 405.20002771999754 0.20560432965863043 2.2110845161778211e-01 0.2773560281537001 0.3980289520942041   
425 2975 0.5683396401350307 390.9454991686362 0.20560432965863043 2.3648559546819695e-01 0.2898653908075425 0.3761630432327599   
426 2982 0.5874574077364298 326.7861444379927 0.20560432965863043 2.4099864597822268e-01 0.3190143048203249 0.4901633939793341   
427 2989 0.8099989676032717 300.0227668360239 0.20560432965863043 2.3636339016375527e-01 0.34502973087126126 0.4997515081473994   
428 2996 0.8198681087502444 278.9841651973881 0.20560432965863043 2.7120360802900245e-01 0.36101987345646547 0.513255400492015   
429 3003 0.8206926898294701 252.563781395665 0.20560432965863043 3.2759147830464447e-01 0.3744179978113812 0.4153638873798134   
430 3010 0.9548350075413387 246.76414081806223 0.20560432965863043 2.7084583255397565e-01 0.3086070665683457 0.3593539584806397   
431 3017 1.0161209756330623 272.9045253893292 0.20560432965863043 2.6589631724606239e-01 0.3161688496356891 0.5545898141272486   
432 3024 0.927219005140191 274.788353572669 0.20560432965863043 2.4641265508967897e-01 0.37406817882444576 0.5876100236023024   
433 3031 0.7549558962232381 260.40382084349756 0.20560432965863043 2.2787932725544208e-01 0.2832601897174787 0.4557525856757606   
434 3038 0.8536641396831011 250.71437926591898 0.20560432965863043 2.5392557494441270e-01 0.31394111268217917 0.5946294157676515   
435 3045 0.6925178056659184 278.04649711577036 0.20560432965863043 2.3776762893394102e-01 0.2943588557898685 0.41354806263736793   
436 3052 0.6300977338973568 320.3803934789322 0.20560432965863043 2.7018112979818842e-01 0.279754841574705 0.6024158559901936   
437 3059 0.6151640953228098 333.22126639861614 0.20560432965863043 2.1689661150440778e-01 0.3314914434303341 0.5226286349170657   
438 3066 0.5490869745976267 369.8616949150661 0.20560432965863043 2.2009238139983639e-01 0.265697911542079 0.49607587851513546   
439 3073 0.44429130741473516 424.81554104223795 0.20560432965863043 2.3294333040955645e-01 0.3939594185338233 0.5203596838784114   
440 3080 0.4148333989719101 431.13109305325645 0.20560432965863043 2.2847238838064951e-01 0.3960298741626117 0.4368380333933707   
441 3087 0.35822274079999017 433.45106633066683 0.20560432965863043 2.6777538154017011e-01 0.3002713788163274 0.4390248166889777   
442 3094 0.3239703190131227 435.24895527615126 0.20560432965863043 2.4544519842795856e-01 0.3356262324492918 0.4879962387081191   
443 3101 0.29751028896490295 529.9861751864206 0.20560432965863043 2.1274339192851371e-01 0.26253918199845283 0.5356940785797137   
444 3108 0.2627480692098581 497.55261355307977 0.20560432965863043 2.6248554655680534e-01 0.3113319745307161 0.4398417586904243   
445 3115 0.2480419764602609 591.8680364829472 0.20560432965863043 2.6195386135604509e-01 0.3070635083183891 0.41755725954709405   
446 3122 0.24914980770208095 448.58425190956376 0.20560432965863043 2.4907507995282024e-01 0.3141895188111204 0.3907502989419448   
447 3129 0.2398194269805598 493.44891466184316 0.20560432965863043 2.5362229122671159e-01 0.3607098611568635 0.46452530091146876   
448 3136 0.22805458505246695 469.4972474555543 0.20560432965863043 2.5745884560915561e-01 0.2783313773199815 0.30189399077489315   
449 3143 0.2413840589286624 498.1973983746977 0.20560432965863043 2.3962953921348021e-01 0.2875352491492311 0.5213130749607751   
450 3150 0.23978396925138445 626.281682380797 0.20560432965863043 3.0223565315067163e-01 0.3486869010605246 0.5072165372721179   
451 3157 0.2410172582912959 698.4176314363439 0.20560432965863043 2.2441395616980814e-01 0.3353763758096298 0.49643104410672734   
452 3164 0.22183958709256849 712.200173536117 0.20560432965863043 2.6347961749830945e-01 0.3512256591840255 0.4010440479772331   
453 3171 0.19727848593680436 712.3294241390811 0.20560432965863043 2.1989731557919359e-01 0.3011201785176057 0.417225965894536   
454 3178 0.18265916088526973 684.4930819790761 0.20560432965863043 2.4792095034630135e-01 0.3142130308110443 0.37630019861271335   
455 3185 0.16705432223736255 706.2719671292476 0.20560432965863043 2.1661121702605277e-01 0.29328289470618174 0.3399852929652249   
456 3192 0.14373220131856937 821.2850996861774 0.20560432965863043 2.5372627141715015e-01 0.38759987634418364 0.6079050741070792   
457 3199 0.1282617013078508 818.9949786502231 0.20560432965863043 2.4121620703492863e-01 0.27727798232796275 0.4718737903631821   
458 3206 0.15951393458851243 878.8723468937685 0.20560432965863043 2.5029834956668739e-01 0.2910618794077885 0.31827276416350764   
459 3213 0.1760654625158753 799.0160603647903 0.20560432965863043 2.4314323483517505e-01 0.32585225156409403 0.48069742686714817   
460 3220 0.17611498881775575 938.3506627402949 0.20560432965863043 2.2993213290487438e-01 0.25667578502174954 0.34274842184881427   
461 3227 0.154826913815209 1065.4986952572012 0.20560432965863043 2.2237552057787638e-01 0.3190198344962998 0.5158887743223192   
462 3234 0.1466308043272855 966.4030251542957 0.20560432965863043 2.3912127168661651e-01 0.2931869625220487 0.43024332969605633   
463 3241 0.1851174898557393 1178.881661025891 0.20560432965863043 2.5120433732175868e-01 0.2581346807761642 0.4196814564261808   
464 3248 0.22037218326668923 1089.2318432653844 0.20560432965863043 2.8784814615616117e-01 0.44812616491859975 0.5817975249757443   
465 3255 0.2006480048835219 1257.200619282791 0.20560432965863043 2.3070011891609926e-01 0.2550411356921815 0.32821539088192553   
466 3262 0.20586821809832595 1441.821814664385 0.20560432965863043 2.6322406300307877e-01 0.4107560514541972 0.5493375328103435   
467 3269 0.23097274538709678 1474.3958772902529 0.20560432965863043 2.2408830577571109e-01 0.24901390424723674 0.3377554391039092   
468 3276 0.21354383695959614 1371.654321745576 0.20560432965863043 2.5238249219033543e-01 0.32310469368937983 0.7974322522757349   
469 3283 0.2272681218536561 1564.9728723079402 0.20560432965863043 2.3789082170576081e-01 0.25725877739519115 0.5479709918392984   
470 3290 0.2849849102173234 1136.7722126050899 0.20560432965863043 2.6797296770042695e-01 0.30129509067853694 0.39128517339414987   
