% # columns="iteration, evaluation, sigma, beta, void,  sigvec==sigma_vec.scaling factors from diagonal decoding", seed=859333, Fri Jun  2 16:21:25 2023, <python>{}</python>
1 7 0.10948080519245798 1 0 1.0 1.0 3.3332222240740528
2 14 0.1548665785796498 1 0 1.0 1.0 3.3332222240740528
3 21 0.17964450088209483 1 0 1.0 1.0 3.3332222240740528
4 28 0.14300378152017987 1 0 1.0 1.0 3.3332222240740528
5 35 0.15037051780708638 1 0 1.0 1.0 3.3332222240740528
6 42 0.17579819449445414 1 0 1.0 1.0 3.3332222240740528
7 49 0.21179573031486323 1 0 1.0 1.0 3.3332222240740528
8 56 0.16816398475261976 1 0 1.0 1.0 3.3332222240740528
9 63 0.14646948288016803 1 0 1.0 1.0 3.3332222240740528
10 70 0.12037312839375205 1 0 1.0 1.0 3.4159794846388705
11 77 0.11191918035731765 1 0 1.0 1.0 3.864237888285269
12 84 0.09930799791441228 1 0 1.0 1.0 4.185047469451253
13 91 0.08779861579878599 1 0 1.0 1.0 5.518251515250914
14 98 0.09433688381101438 1 0 1.0 1.0 5.518251515250914
15 105 0.1041116678122219 1 0 1.0 1.0 5.518251515250914
16 112 0.1075908251350481 1 0 1.0 1.0 5.518251515250914
17 119 0.14345802913740813 1 0 1.0 1.0 5.518251515250914
18 126 0.12408322796924874 1 0 1.0 1.0 5.518251515250914
19 133 0.11675719324257434 1 0 1.0 1.0 5.518251515250914
20 140 0.1254746908392316 1 0 1.0 1.0 5.518251515250914
21 147 0.11001335682392469 1 0 1.0 1.0 5.518251515250914
22 154 0.11702413613529318 1 0 1.0 1.0 5.518251515250914
23 161 0.1029795901855463 1 0 1.0 1.0 5.518251515250914
24 168 0.08450138702400922 1 0 1.0 1.0 5.613427432416098
25 175 0.10568074828957202 1 0 1.0 1.0 5.613427432416098
26 182 0.0957481404060805 1 0 1.0 1.0 5.613427432416098
27 189 0.09774667009622448 1 0 1.0 1.0 5.613427432416098
28 196 0.10670090048284607 1 0 1.0 1.0 5.613427432416098
29 203 0.08498236132353883 1 0 1.0 1.0 5.613427432416098
30 210 0.08909900534819337 1 0 1.0 1.0 5.613427432416098
31 217 0.09898873497707202 1 0 1.0 1.0 5.613427432416098
32 224 0.09240205538826013 1 0 1.0 1.0 5.613427432416098
33 231 0.06933321658387831 1 0 1.0 1.0 6.073056516990461
34 238 0.07449338552726184 1 0 1.0 1.0 6.073056516990461
35 245 0.06761727844202403 1 0 1.0 1.0 7.27038984693029
36 252 0.06303760888182307 1 0 1.0 1.0 7.609498622946159
37 259 0.05551158568940485 1 0 1.0 1.0 8.807354741828314
38 266 0.05728368809644167 1 0 1.0 1.0 8.807354741828314
39 273 0.06318609241205694 1 0 1.0 1.0 8.807354741828314
40 280 0.0869981289128131 1 0 1.0 1.0 8.807354741828314
41 287 0.09564108117448829 1 0 1.0 1.0 8.807354741828314
42 294 0.11730552191939608 1 0 1.0 1.0 8.807354741828314
43 301 0.12155069864204379 1 0 1.0 1.0 8.807354741828314
44 308 0.11078271079056384 1 0 1.0 1.0 8.807354741828314
45 315 0.09928475177903007 1 0 1.0 1.0 8.807354741828314
46 322 0.09955238410237496 1 0 1.0 1.0 8.807354741828314
47 329 0.07938290996150305 1 0 1.0 1.0 8.807354741828314
48 336 0.06328309798125886 1 0 1.0 1.0 8.807354741828314
49 343 0.05062762249042998 1 0 1.0 1.0 11.308847209429011
50 350 0.049018291331988234 1 0 1.0 1.0 12.836825815060463
51 357 0.04470982517010615 1 0 1.0 1.0 15.986743132901514
52 364 0.03779876238810626 1 0 1.0 1.0 19.43204628073689
53 371 0.03986111434245295 1 0 1.0 1.0 19.43204628073689
54 378 0.03452348895627726 1 0 1.0 1.0 19.43204628073689
55 385 0.03143200432312255 1 0 1.0 1.0 22.440181414280108
56 392 0.02655189992549801 1 0 1.0 1.0 31.886219276644802
57 399 0.021379795781471686 1 0 1.0 1.0 44.38492377987255
58 406 0.022673747757963734 1 0 1.0 1.0 44.38492377987255
59 413 0.019600222510337863 1 0 1.0 1.0 53.368583758455344
60 420 0.02022731629773904 1 0 1.0 1.0 54.65158092760935
61 427 0.018609693663742974 1 0 1.0 1.0 59.55592618836566
62 434 0.01588755958493102 1 0 1.0 1.0 69.62184833969185
63 441 0.01586076346687566 1 0 1.0 1.0 74.98107737332876
64 448 0.013032400585187114 1 0 1.0 1.0 98.76654113541152
65 455 0.0114717696800916 1 0 1.0 1.0 118.74760713100841
66 462 0.010886662526445422 1 0 1.0 1.0 126.73124896021187
67 469 0.009578011726399362 1 0 1.0 1.0 147.34915456743366
68 476 0.0106200329968648 1 0 1.0 1.0 147.34915456743366
69 483 0.01144104623455353 1 0 1.0 1.0 147.34915456743366
70 490 0.012605110871781207 1 0 1.0 1.0 147.34915456743366
71 497 0.011476551468707748 1 0 1.0 1.0 147.34915456743366
72 504 0.011526170813411705 1 0 1.0 1.0 147.34915456743366
73 511 0.013937080527740618 1 0 1.0 1.0 147.34915456743366
74 518 0.015390010425721214 1 0 1.0 1.0 147.34915456743366
75 525 0.015486565418544406 1 0 1.0 1.0 147.34915456743366
76 532 0.016288015859150132 1 0 1.0 1.0 147.34915456743366
77 539 0.016289500302616198 1 0 1.0 1.0 147.34915456743366
78 546 0.016722414277267915 1 0 1.0 1.0 147.34915456743366
79 553 0.019503766774386283 1 0 1.0 1.0 147.34915456743366
80 560 0.018342435824341773 1 0 1.0 1.0 147.34915456743366
81 567 0.016205455449576314 1 0 1.0 1.0 147.34915456743366
82 574 0.015418084699872086 1 0 1.0 1.0 147.34915456743366
83 581 0.014403419829383118 1 0 1.0 1.0 147.34915456743366
84 588 0.01337391296712843 1 0 1.0 1.0 147.34915456743366
85 595 0.013592893226893998 1 0 1.0 1.0 147.34915456743366
86 602 0.012717950134899096 1 0 1.0 1.0 147.34915456743366
87 609 0.01000809660489284 1 0 1.0 1.0 208.71690128755947
88 616 0.009490439681288897 1 0 1.0 1.0 234.01854646827965
89 623 0.008564826076393086 1 0 1.0 1.0 256.46550156477576
90 630 0.00915921537886987 1 0 1.0 1.0 256.46550156477576
91 637 0.008742894004588638 1 0 1.0 1.0 273.7607707502635
92 644 0.00985838600323457 1 0 1.0 1.0 273.7607707502635
93 651 0.01223500311048455 1 0 1.0 1.0 273.7607707502635
94 658 0.01845925179697208 1 0 1.0 1.0 273.7607707502635
95 665 0.017769564021241174 1 0 1.0 1.0 273.7607707502635
96 672 0.016269573509601693 1 0 1.0 1.0 273.7607707502635
97 679 0.013927688446729635 1 0 1.0 1.0 273.7607707502635
98 686 0.016759353893831982 1 0 1.0 1.0 273.7607707502635
99 693 0.017826489159591487 1 0 1.0 1.0 273.7607707502635
100 700 0.014418698924699182 1 0 1.0 1.0 273.7607707502635
101 707 0.012710833317221401 1 0 1.0 1.0 273.7607707502635
102 714 0.011768589787060949 1 0 1.0 1.0 273.7607707502635
103 721 0.011520974931898492 1 0 1.0 1.0 273.7607707502635
104 728 0.010919420559496665 1 0 1.0 1.0 273.7607707502635
105 735 0.009768539977037121 1 0 1.0 1.0 286.7307217868139
106 742 0.009690903172678594 1 0 1.0 1.0 303.7418746403533
107 749 0.011236354322056141 1 0 1.0 1.0 303.7418746403533
108 756 0.011106526352359137 1 0 1.0 1.0 303.7418746403533
109 763 0.011795368865841949 1 0 1.0 1.0 303.7418746403533
110 770 0.011186714543099979 1 0 1.0 1.0 303.7418746403533
111 777 0.01141721063828054 1 0 1.0 1.0 303.7418746403533
112 784 0.010786798276926163 1 0 1.0 1.0 303.7418746403533
113 791 0.009919048052954405 1 0 1.0 1.0 303.7418746403533
114 798 0.010341312633696854 1 0 1.0 1.0 303.7418746403533
115 805 0.010095177920688965 1 0 1.0 1.0 303.7418746403533
116 812 0.011503713978403376 1 0 1.0 1.0 303.7418746403533
117 819 0.013072299823399506 1 0 1.0 1.0 303.7418746403533
118 826 0.0147779121259633 1 0 1.0 1.0 303.7418746403533
119 833 0.013305158876373438 1 0 1.0 1.0 303.7418746403533
120 840 0.014487504030966433 1 0 1.0 1.0 303.7418746403533
121 847 0.01683518107409689 1 0 1.0 1.0 303.7418746403533
122 854 0.0164201932339695 1 0 1.0 1.0 303.7418746403533
123 861 0.022195747981270296 1 0 1.0 1.0 303.7418746403533
124 868 0.029419642416797474 1 0 1.0 1.0 303.7418746403533
125 875 0.03682754532600596 1 0 1.0 1.0 303.7418746403533
126 882 0.03021482725010414 1 0 1.0 1.0 303.7418746403533
127 889 0.03273099422292826 1 0 1.0 1.0 303.7418746403533
128 896 0.029645358210597102 1 0 1.0 1.0 303.7418746403533
129 903 0.026536837419002327 1 0 1.0 1.0 303.7418746403533
130 910 0.026642409968437367 1 0 1.0 1.0 303.7418746403533
131 917 0.029269873135428223 1 0 1.0 1.0 303.7418746403533
132 924 0.027845118685948526 1 0 1.0 1.0 303.7418746403533
133 931 0.02566346505520582 1 0 1.0 1.0 303.7418746403533
134 938 0.02924684953585989 1 0 1.0 1.0 303.7418746403533
135 945 0.024308294267307698 1 0 1.0 1.0 303.7418746403533
136 952 0.019938492322230113 1 0 1.0 1.0 303.7418746403533
137 959 0.017593837599493962 1 0 1.0 1.0 303.7418746403533
138 966 0.017514916811251256 1 0 1.0 1.0 303.7418746403533
139 973 0.01597038021733756 1 0 1.0 1.0 303.7418746403533
140 980 0.014701443172719991 1 0 1.0 1.0 303.7418746403533
141 987 0.016821232670121165 1 0 1.0 1.0 303.7418746403533
142 994 0.017985443339296085 1 0 1.0 1.0 303.7418746403533
143 1001 0.014129190791455078 1 0 1.0 1.0 303.7418746403533
144 1008 0.014708903562736391 1 0 1.0 1.0 303.7418746403533
145 1015 0.012253859243627992 1 0 1.0 1.0 303.7418746403533
146 1022 0.01501046865343536 1 0 1.0 1.0 303.7418746403533
147 1029 0.01192745656630904 1 0 1.0 1.0 303.7418746403533
148 1036 0.014638771398692697 1 0 1.0 1.0 303.7418746403533
149 1043 0.015543225878308977 1 0 1.0 1.0 303.7418746403533
150 1050 0.01423326891209919 1 0 1.0 1.0 303.7418746403533
151 1057 0.013623183204932174 1 0 1.0 1.0 303.7418746403533
152 1064 0.01602200475573725 1 0 1.0 1.0 303.7418746403533
153 1071 0.02234710721652759 1 0 1.0 1.0 303.7418746403533
154 1078 0.0277862490292007 1 0 1.0 1.0 303.7418746403533
155 1085 0.02624546911861926 1 0 1.0 1.0 303.7418746403533
156 1092 0.02327591010087337 1 0 1.0 1.0 303.7418746403533
157 1099 0.02535454311674416 1 0 1.0 1.0 303.7418746403533
158 1106 0.023728120426568976 1 0 1.0 1.0 303.7418746403533
159 1113 0.024852507732067385 1 0 1.0 1.0 303.7418746403533
160 1120 0.025842241039451406 1 0 1.0 1.0 303.7418746403533
161 1127 0.025367749477742854 1 0 1.0 1.0 303.7418746403533
162 1134 0.027932059409041077 1 0 1.0 1.0 303.7418746403533
163 1141 0.03244553186827163 1 0 1.0 1.0 303.7418746403533
164 1148 0.031931229869150764 1 0 1.0 1.0 303.7418746403533
165 1155 0.030049634982115332 1 0 1.0 1.0 303.7418746403533
166 1162 0.03290856976045847 1 0 1.0 1.0 303.7418746403533
167 1169 0.03131157350261354 1 0 1.0 1.0 303.7418746403533
168 1176 0.033066995937842784 1 0 1.0 1.0 303.7418746403533
169 1183 0.04090141088325586 1 0 1.0 1.0 303.7418746403533
170 1190 0.04218462439697894 1 0 1.0 1.0 303.7418746403533
171 1197 0.055245929230762464 1 0 1.0 1.0 303.7418746403533
172 1204 0.06583936731461405 1 0 1.0 1.0 303.7418746403533
173 1211 0.05423797528815111 1 0 1.0 1.0 303.7418746403533
174 1218 0.0627954813673483 1 0 1.0 1.0 303.7418746403533
175 1225 0.08502555128070782 1 0 1.0 1.0 303.7418746403533
176 1232 0.11759255048237643 1 0 1.0 1.0 303.7418746403533
177 1239 0.1471562366899174 1 0 1.0 1.0 303.7418746403533
178 1246 0.14760599023487012 1 0 1.0 1.0 303.7418746403533
179 1253 0.13264727986865948 1 0 1.0 1.0 303.7418746403533
180 1260 0.1272465545784149 1 0 1.0 1.0 303.7418746403533
181 1267 0.14223366584673883 1 0 1.0 1.0 303.7418746403533
182 1274 0.15477415299066766 1 0 1.0 1.0 303.7418746403533
183 1281 0.14729348326927505 1 0 1.0 1.0 303.7418746403533
184 1288 0.12134594503033211 1 0 1.0 1.0 303.7418746403533
185 1295 0.13480834578935708 1 0 1.0 1.0 303.7418746403533
186 1302 0.13038072820800706 1 0 1.0 1.0 303.7418746403533
187 1309 0.11344025092064056 1 0 1.0 1.0 303.7418746403533
188 1316 0.08975085652075163 1 0 1.0 1.0 303.7418746403533
189 1323 0.09799760510265924 1 0 1.0 1.0 303.7418746403533
190 1330 0.09782977494568033 1 0 1.0 1.0 303.7418746403533
191 1337 0.09128383600054225 1 0 1.0 1.0 303.7418746403533
192 1344 0.09371423813151865 1 0 1.0 1.0 303.7418746403533
193 1351 0.12116122905328819 1 0 1.0 1.0 303.7418746403533
194 1358 0.10987091785289922 1 0 1.0 1.0 303.7418746403533
195 1365 0.13012366699657404 1 0 1.0 1.0 303.7418746403533
196 1372 0.163925861198658 1 0 1.0 1.0 303.7418746403533
197 1379 0.1805019622669494 1 0 1.0 1.0 303.7418746403533
198 1386 0.24807114416237055 1 0 1.0 1.0 303.7418746403533
199 1393 0.3814562501034921 1 0 1.0 1.0 303.7418746403533
200 1400 0.4714201805336239 1 0 1.0 1.0 303.7418746403533
201 1407 0.4200207276652866 1 0 1.0 1.0 303.7418746403533
202 1414 0.34912234791072405 1 0 1.0 1.0 303.7418746403533
203 1421 0.36657061056214557 1 0 1.0 1.0 303.7418746403533
204 1428 0.4504940706585799 1 0 1.0 1.0 303.7418746403533
205 1435 0.5104472552613878 1 0 1.0 1.0 303.7418746403533
206 1442 0.5633233409669746 1 0 1.0 1.0 277.91657778983307
207 1449 0.7290748562015343 1 0 1.0 1.0 202.6300330853122
208 1456 0.6372996348217637 1 0 1.0 1.0 202.6300330853122
209 1463 0.7508464194729468 1 0 1.0 1.0 198.73246797155699
210 1470 0.6765345840093714 1 0 1.0 1.0 198.73246797155699
211 1477 0.6815712688915847 1 0 1.0 1.0 198.73246797155699
212 1484 0.6144856197064236 1 0 1.0 1.0 198.73246797155699
213 1491 0.7813568628894716 1 0 1.0 1.0 159.32887192658322
214 1498 0.6598752850152865 1 0 1.0 1.0 159.32887192658322
215 1505 0.5519934585674138 1 0 1.0 1.0 159.32887192658322
216 1512 0.5432827368094972 1 0 1.0 1.0 159.32887192658322
217 1519 0.5294701421695066 1 0 1.0 1.0 159.32887192658322
218 1526 0.6103282815766673 1 0 1.0 1.0 159.32887192658322
219 1533 0.6396084992724291 1 0 1.0 1.0 159.32887192658322
220 1540 0.9127210043175573 1 0 1.0 1.0 153.133144435123
221 1547 0.9907556602152056 1 0 1.0 1.0 153.133144435123
222 1554 0.7958509719511939 1 0 1.0 1.0 153.133144435123
223 1561 0.7526637955892623 1 0 1.0 1.0 153.133144435123
224 1568 0.6901564368012485 1 0 1.0 1.0 153.133144435123
225 1575 0.6295470711801716 1 0 1.0 1.0 153.133144435123
226 1582 0.5996322682946342 1 0 1.0 1.0 153.133144435123
227 1589 0.5356360471208754 1 0 1.0 1.0 153.133144435123
228 1596 0.4927211295747037 1 0 1.0 1.0 153.133144435123
229 1603 0.5075737056787005 1 0 1.0 1.0 153.133144435123
230 1610 0.4069754756440184 1 0 1.0 1.0 153.133144435123
231 1617 0.36708064496899734 1 0 1.0 1.0 153.133144435123
232 1624 0.3573594097106097 1 0 1.0 1.0 153.133144435123
233 1631 0.37651443036347404 1 0 1.0 1.0 153.133144435123
234 1638 0.304359343641977 1 0 1.0 1.0 153.133144435123
235 1645 0.40994219751784056 1 0 1.0 1.0 153.133144435123
236 1652 0.46473065294953136 1 0 1.0 1.0 153.133144435123
237 1659 0.46704308332592137 1 0 1.0 1.0 153.133144435123
238 1666 0.3706668518122968 1 0 1.0 1.0 153.133144435123
239 1673 0.4073291061673489 1 0 1.0 1.0 153.133144435123
240 1680 0.3736305238271432 1 0 1.0 1.0 153.133144435123
241 1687 0.29281265045258814 1 0 1.0 1.0 153.133144435123
242 1694 0.330948548109461 1 0 1.0 1.0 153.133144435123
243 1701 0.3956585140229339 1 0 1.0 1.0 153.133144435123
244 1708 0.49722186599949114 1 0 1.0 1.0 153.133144435123
245 1715 0.48125033325066674 1 0 1.0 1.0 153.133144435123
246 1722 0.4841985040630772 1 0 1.0 1.0 153.133144435123
247 1729 0.6317308728038548 1 0 1.0 1.0 153.133144435123
248 1736 0.701349943234533 1 0 1.0 1.0 153.133144435123
249 1743 0.5849133092903598 1 0 1.0 1.0 153.133144435123
250 1750 0.4714240971509618 1 0 1.0 1.0 153.133144435123
251 1757 0.5878988305632088 1 0 1.0 1.0 153.133144435123
252 1764 0.5429015797455694 1 0 1.0 1.0 153.133144435123
253 1771 0.5655927910420113 1 0 1.0 1.0 153.133144435123
254 1778 0.541647305687396 1 0 1.0 1.0 153.133144435123
255 1785 0.6927539911709061 1 0 1.0 1.0 153.133144435123
256 1792 0.7178361352658476 1 0 1.0 1.0 153.133144435123
257 1799 0.8400571996781946 1 0 1.0 1.0 153.133144435123
258 1806 0.8873430323167618 1 0 1.0 1.0 153.133144435123
259 1813 0.7654204140435988 1 0 1.0 1.0 153.133144435123
260 1820 0.7413755962387941 1 0 1.0 1.0 153.133144435123
261 1827 0.5507319551178367 1 0 1.0 1.0 153.133144435123
262 1834 0.521811792751686 1 0 1.0 1.0 153.133144435123
263 1841 0.617908224951259 1 0 1.0 1.0 153.133144435123
264 1848 0.6828549976758942 1 0 1.0 1.0 153.133144435123
265 1855 0.6145498992005419 1 0 1.0 1.0 153.133144435123
266 1862 0.5106373640287936 1 0 1.0 1.0 153.133144435123
267 1869 0.5363995198726799 1 0 1.0 1.0 153.133144435123
268 1876 0.5159539146577491 1 0 1.0 1.0 153.133144435123
269 1883 0.7816932080490522 1 0 1.0 1.0 153.133144435123
270 1890 0.8512188737244923 1 0 1.0 1.0 153.133144435123
271 1897 0.7507641159003858 1 0 1.0 1.0 153.133144435123
272 1904 0.689208604548817 1 0 1.0 1.0 153.133144435123
273 1911 0.546592641977569 1 0 1.0 1.0 153.133144435123
274 1918 0.4706818223660773 1 0 1.0 1.0 153.133144435123
275 1925 0.4920499091434438 1 0 1.0 1.0 153.133144435123
276 1932 0.41573284965178453 1 0 1.0 1.0 153.133144435123
277 1939 0.4118688065684614 1 0 1.0 1.0 153.133144435123
278 1946 0.4682169513224349 1 0 1.0 1.0 153.133144435123
279 1953 0.4242380460177414 1 0 1.0 1.0 153.133144435123
280 1960 0.42874062501652943 1 0 1.0 1.0 153.133144435123
281 1967 0.43499952429113986 1 0 1.0 1.0 153.133144435123
282 1974 0.4606106043020009 1 0 1.0 1.0 153.133144435123
283 1981 0.35582099527075756 1 0 1.0 1.0 153.133144435123
284 1988 0.28913065796982934 1 0 1.0 1.0 153.133144435123
285 1995 0.2911585317549225 1 0 1.0 1.0 153.133144435123
286 2002 0.32852253861274516 1 0 1.0 1.0 153.133144435123
287 2009 0.36354597097737923 1 0 1.0 1.0 153.133144435123
288 2016 0.2963688563817768 1 0 1.0 1.0 153.133144435123
289 2023 0.26458437900554016 1 0 1.0 1.0 153.133144435123
290 2030 0.2569332796924481 1 0 1.0 1.0 153.133144435123
291 2037 0.24335971324260522 1 0 1.0 1.0 153.133144435123
292 2044 0.29752521862334314 1 0 1.0 1.0 153.133144435123
293 2051 0.3460638139803328 1 0 1.0 1.0 153.133144435123
294 2058 0.3115330886637325 1 0 1.0 1.0 153.133144435123
295 2065 0.3556580653717427 1 0 1.0 1.0 153.133144435123
296 2072 0.3827770559728579 1 0 1.0 1.0 153.133144435123
297 2079 0.37868025031469515 1 0 1.0 1.0 153.133144435123
298 2086 0.3107775570798071 1 0 1.0 1.0 153.133144435123
299 2093 0.2609881738683609 1 0 1.0 1.0 153.133144435123
300 2100 0.22539461327322113 1 0 1.0 1.0 186.90134719927718
301 2107 0.19158366310943425 1 0 1.0 1.0 214.67230305851822
302 2114 0.17293355966007126 1 0 1.0 1.0 246.9564381704884
303 2121 0.17654645611101197 1 0 1.0 1.0 246.9564381704884
304 2128 0.18282755794485067 1 0 1.0 1.0 246.9564381704884
305 2135 0.1814961738031608 1 0 1.0 1.0 246.9564381704884
306 2142 0.18526198063084426 1 0 1.0 1.0 246.9564381704884
307 2149 0.2489604041082779 1 0 1.0 1.0 246.9564381704884
308 2156 0.2915133217380805 1 0 1.0 1.0 246.9564381704884
309 2163 0.29330473823367836 1 0 1.0 1.0 246.9564381704884
310 2170 0.2447574919008992 1 0 1.0 1.0 246.9564381704884
311 2177 0.2855506644090793 1 0 1.0 1.0 246.9564381704884
312 2184 0.23223877897112336 1 0 1.0 1.0 246.9564381704884
313 2191 0.24046086869480987 1 0 1.0 1.0 246.9564381704884
314 2198 0.2843712744779211 1 0 1.0 1.0 246.9564381704884
315 2205 0.2509389409059022 1 0 1.0 1.0 246.9564381704884
316 2212 0.2208419890686949 1 0 1.0 1.0 246.9564381704884
317 2219 0.2083812388443622 1 0 1.0 1.0 246.9564381704884
318 2226 0.22901416480750014 1 0 1.0 1.0 246.9564381704884
319 2233 0.33551112946864803 1 0 1.0 1.0 246.9564381704884
320 2240 0.42173882816659847 1 0 1.0 1.0 246.9564381704884
321 2247 0.4565429967004452 1 0 1.0 1.0 246.9564381704884
322 2254 0.4251961766328107 1 0 1.0 1.0 246.9564381704884
323 2261 0.4495411407809189 1 0 1.0 1.0 246.9564381704884
324 2268 0.4592474115760389 1 0 1.0 1.0 246.9564381704884
325 2275 0.40214711867932607 1 0 1.0 1.0 246.9564381704884
326 2282 0.3819968319220999 1 0 1.0 1.0 246.9564381704884
327 2289 0.3979272836874897 1 0 1.0 1.0 246.9564381704884
328 2296 0.48081414461387295 1 0 1.0 1.0 246.9564381704884
329 2303 0.517822967098015 1 0 1.0 1.0 246.9564381704884
330 2310 0.720604137055068 1 0 1.0 1.0 246.9564381704884
331 2317 0.6682708761435264 1 0 1.0 1.0 246.9564381704884
332 2324 0.5261511177650239 1 0 1.0 1.0 246.9564381704884
333 2331 0.448356483009278 1 0 1.0 1.0 246.9564381704884
334 2338 0.4736148526613564 1 0 1.0 1.0 246.9564381704884
335 2345 0.4622674446571107 1 0 1.0 1.0 246.9564381704884
336 2352 0.4738280300530037 1 0 1.0 1.0 246.9564381704884
337 2359 0.6383890866917797 1 0 1.0 1.0 246.9564381704884
338 2366 0.7092199901640626 1 0 1.0 1.0 246.9564381704884
339 2373 0.7804740540508288 1 0 1.0 1.0 246.9564381704884
340 2380 0.9708221057301886 1 0 1.0 1.0 246.9564381704884
341 2387 0.9757415246093234 1 0 1.0 1.0 246.9564381704884
342 2394 0.8003151943819313 1 0 1.0 1.0 246.9564381704884
343 2401 0.8894921580726903 1 0 1.0 1.0 246.9564381704884
344 2408 0.7764132369825901 1 0 1.0 1.0 246.9564381704884
345 2415 0.6266559451684787 1 0 1.0 1.0 246.9564381704884
346 2422 0.6629423130769384 1 0 1.0 1.0 246.9564381704884
347 2429 0.6514606282400247 1 0 1.0 1.0 246.9564381704884
348 2436 0.6814657152063142 1 0 1.0 1.0 246.9564381704884
349 2443 0.5739627487018931 1 0 1.0 1.0 246.9564381704884
350 2450 0.46766283744897225 1 0 1.0 1.0 246.9564381704884
351 2457 0.4393672745541168 1 0 1.0 1.0 246.9564381704884
352 2464 0.5601278177607156 1 0 1.0 1.0 246.9564381704884
353 2471 0.5337069870506193 1 0 1.0 1.0 246.9564381704884
354 2478 0.45678996080686585 1 0 1.0 1.0 246.9564381704884
355 2485 0.35299995454926153 1 0 1.0 1.0 246.9564381704884
356 2492 0.3397823668367179 1 0 1.0 1.0 246.9564381704884
357 2499 0.3836078142377664 1 0 1.0 1.0 246.9564381704884
358 2506 0.4232659862539666 1 0 1.0 1.0 246.9564381704884
359 2513 0.35953900540492656 1 0 1.0 1.0 246.9564381704884
360 2520 0.39135224856323486 1 0 1.0 1.0 246.9564381704884
361 2527 0.4692670499127031 1 0 1.0 1.0 246.9564381704884
362 2534 0.5818495849161427 1 0 1.0 1.0 246.9564381704884
363 2541 0.5461427555041275 1 0 1.0 1.0 246.9564381704884
364 2548 0.4862961263908464 1 0 1.0 1.0 246.9564381704884
365 2555 0.4705516067022965 1 0 1.0 1.0 246.9564381704884
366 2562 0.4783634367882233 1 0 1.0 1.0 246.9564381704884
367 2569 0.37879313047699575 1 0 1.0 1.0 246.9564381704884
368 2576 0.38018182240618115 1 0 1.0 1.0 246.9564381704884
369 2583 0.5326426250377242 1 0 1.0 1.0 246.9564381704884
370 2590 0.6648711264341909 1 0 1.0 1.0 246.9564381704884
371 2597 0.7538237802711673 1 0 1.0 1.0 246.9564381704884
372 2604 0.8150183358025233 1 0 1.0 1.0 246.9564381704884
373 2611 0.759530540988602 1 0 1.0 1.0 246.9564381704884
374 2618 0.700908318054627 1 0 1.0 1.0 246.9564381704884
375 2625 0.8001997550717703 1 0 1.0 1.0 246.9564381704884
376 2632 0.795390837425688 1 0 1.0 1.0 246.9564381704884
377 2639 0.7430974300006523 1 0 1.0 1.0 246.9564381704884
378 2646 0.6049233329039501 1 0 1.0 1.0 246.9564381704884
379 2653 0.6056815211195475 1 0 1.0 1.0 246.9564381704884
380 2660 0.5253775051184686 1 0 1.0 1.0 246.9564381704884
381 2667 0.4213016972358761 1 0 1.0 1.0 246.9564381704884
382 2674 0.3600343594816108 1 0 1.0 1.0 246.9564381704884
383 2681 0.33310232007292545 1 0 1.0 1.0 246.9564381704884
384 2688 0.42099534013021866 1 0 1.0 1.0 246.9564381704884
385 2695 0.4551619575404169 1 0 1.0 1.0 246.9564381704884
386 2702 0.4470640900084798 1 0 1.0 1.0 246.9564381704884
387 2709 0.3541340818207279 1 0 1.0 1.0 246.9564381704884
388 2716 0.33066027384603836 1 0 1.0 1.0 249.83651120713662
389 2723 0.2756300115756654 1 0 1.0 1.0 333.83507206771526
390 2730 0.21147609301112766 1 0 1.0 1.0 411.51208102999027
391 2737 0.1854947910138204 1 0 1.0 1.0 471.0450984533349
392 2744 0.15802149137922017 1 0 1.0 1.0 600.6214773561377
393 2751 0.13511782631360877 1 0 1.0 1.0 708.5668692915284
394 2758 0.1483799327190397 1 0 1.0 1.0 708.5668692915284
395 2765 0.12892517834792666 1 0 1.0 1.0 727.1769745134017
396 2772 0.13582700414458385 1 0 1.0 1.0 727.1769745134017
397 2779 0.12048035268707599 1 0 1.0 1.0 844.9883691735034
398 2786 0.12520447761805642 1 0 1.0 1.0 1017.9596867696359
399 2793 0.17616637860172676 1 0 1.0 1.0 1017.9596867696359
400 2800 0.2036935733099313 1 0 1.0 1.0 1017.9596867696359
401 2807 0.2224987606998628 1 0 1.0 1.0 1017.9596867696359
402 2814 0.23266648276525292 1 0 1.0 1.0 1017.9596867696359
403 2821 0.235984949706345 1 0 1.0 1.0 1017.9596867696359
404 2828 0.22693138113130829 1 0 1.0 1.0 1017.9596867696359
405 2835 0.2271702552813201 1 0 1.0 1.0 1017.9596867696359
406 2842 0.23462728622833887 1 0 1.0 1.0 1017.9596867696359
407 2849 0.2549085366925579 1 0 1.0 1.0 1017.9596867696359
408 2856 0.28603576983745416 1 0 1.0 1.0 1017.9596867696359
409 2863 0.3559548624324536 1 0 1.0 1.0 1017.9596867696359
410 2870 0.3878558219443614 1 0 1.0 1.0 1017.9596867696359
411 2877 0.3413704883728505 1 0 1.0 1.0 1017.9596867696359
412 2884 0.399055483063269 1 0 1.0 1.0 1017.9596867696359
413 2891 0.3590385186730688 1 0 1.0 1.0 1017.9596867696359
414 2898 0.37737095529808234 1 0 1.0 1.0 1017.9596867696359
415 2905 0.3870534295773478 1 0 1.0 1.0 1017.9596867696359
416 2912 0.3085313488918487 1 0 1.0 1.0 1017.9596867696359
417 2919 0.32391017977117903 1 0 1.0 1.0 1017.9596867696359
418 2926 0.3049722686012485 1 0 1.0 1.0 1017.9596867696359
419 2933 0.33068636796591067 1 0 1.0 1.0 1017.9596867696359
420 2940 0.3196657932513029 1 0 1.0 1.0 1017.9596867696359
421 2947 0.34815632343220626 1 0 1.0 1.0 1017.9596867696359
422 2954 0.34788428267046595 1 0 1.0 1.0 1017.9596867696359
423 2961 0.47943282610409965 1 0 1.0 1.0 1017.9596867696359
424 2968 0.5464057757996328 1 0 1.0 1.0 1017.9596867696359
425 2975 0.5683396401350307 1 0 1.0 1.0 1017.9596867696359
426 2982 0.5874574077364298 1 0 1.0 1.0 1017.9596867696359
427 2989 0.8099989676032717 1 0 1.0 1.0 1017.9596867696359
428 2996 0.8198681087502444 1 0 1.0 1.0 1017.9596867696359
429 3003 0.8206926898294701 1 0 1.0 1.0 1017.9596867696359
430 3010 0.9548350075413387 1 0 1.0 1.0 1017.9596867696359
431 3017 1.0161209756330623 1 0 1.0 1.0 1017.9596867696359
432 3024 0.927219005140191 1 0 1.0 1.0 1017.9596867696359
433 3031 0.7549558962232381 1 0 1.0 1.0 1017.9596867696359
434 3038 0.8536641396831011 1 0 1.0 1.0 1017.9596867696359
435 3045 0.6925178056659184 1 0 1.0 1.0 1017.9596867696359
436 3052 0.6300977338973568 1 0 1.0 1.0 1017.9596867696359
437 3059 0.6151640953228098 1 0 1.0 1.0 1017.9596867696359
438 3066 0.5490869745976267 1 0 1.0 1.0 1017.9596867696359
439 3073 0.44429130741473516 1 0 1.0 1.0 1017.9596867696359
440 3080 0.4148333989719101 1 0 1.0 1.0 1017.9596867696359
441 3087 0.35822274079999017 1 0 1.0 1.0 1017.9596867696359
442 3094 0.3239703190131227 1 0 1.0 1.0 1017.9596867696359
443 3101 0.29751028896490295 1 0 1.0 1.0 1117.2354803070828
444 3108 0.2627480692098581 1 0 1.0 1.0 1228.2134016511473
445 3115 0.2480419764602609 1 0 1.0 1.0 1577.1850913484468
446 3122 0.24914980770208095 1 0 1.0 1.0 1577.1850913484468
447 3129 0.2398194269805598 1 0 1.0 1.0 1737.9287420883518
448 3136 0.22805458505246695 1 0 1.0 1.0 1875.1211724333527
449 3143 0.2413840589286624 1 0 1.0 1.0 1875.1211724333527
450 3150 0.23978396925138445 1 0 1.0 1.0 1875.1211724333527
451 3157 0.2410172582912959 1 0 1.0 1.0 1875.1211724333527
452 3164 0.22183958709256849 1 0 1.0 1.0 1875.1211724333527
453 3171 0.19727848593680436 1 0 1.0 1.0 1875.1211724333527
454 3178 0.18265916088526973 1 0 1.0 1.0 2000.873078861362
455 3185 0.16705432223736255 1 0 1.0 1.0 2204.4859095592356
456 3192 0.14373220131856937 1 0 1.0 1.0 2541.3918366043304
457 3199 0.1282617013078508 1 0 1.0 1.0 2901.062593911904
458 3206 0.15951393458851243 1 0 1.0 1.0 2901.062593911904
459 3213 0.1760654625158753 1 0 1.0 1.0 2901.062593911904
460 3220 0.17611498881775575 1 0 1.0 1.0 2901.062593911904
461 3227 0.154826913815209 1 0 1.0 1.0 3081.9668105810006
462 3234 0.1466308043272855 1 0 1.0 1.0 3146.113172246429
463 3241 0.1851174898557393 1 0 1.0 1.0 3146.113172246429
464 3248 0.22037218326668923 1 0 1.0 1.0 3146.113172246429
465 3255 0.2006480048835219 1 0 1.0 1.0 3146.113172246429
466 3262 0.20586821809832595 1 0 1.0 1.0 3146.113172246429
467 3269 0.23097274538709678 1 0 1.0 1.0 3146.113172246429
468 3276 0.21354383695959614 1 0 1.0 1.0 3146.113172246429
469 3283 0.2272681218536561 1 0 1.0 1.0 3146.113172246429
470 3290 0.2849849102173234 1 0 1.0 1.0 3146.113172246429
