% # columns="iter, evals, sigma, 0, fitness, xbest" seed=859333, Fri Jun  2 16:21:25 2023, <python>{}</python>
1 7 0.10948080519245798 0 0.33395513708723545 0.49220589513834834 0.3314456991614786 19.655159112131372
2 14 0.1548665785796498 0 0.27065840852867307 0.5791523052569697 0.12830155994201947 19.53543939355506
3 21 0.17964450088209483 0 0.26830258304028193 0.5535067023762373 0.18081353042593293 19.319571686245286
4 28 0.14300378152017987 0 0.26105526701295784 0.5619281176162734 0.2047355753899347 18.992282734603684
5 35 0.15037051780708638 0 0.25832506262352956 0.39438752178204056 0.0016446681235342965 20.086861099273676
6 42 0.17579819449445414 0 0.261220526176132 0.407810021885025 0.007028698469412785 18.79948291817832
7 49 0.21179573031486323 0 0.2802032412562728 0.5062693019003797 0.18801177211941011 20.099731740264733
8 56 0.16816398475261976 0 0.27245877853945694 0.5334528371531758 0.06569496853610429 19.234026105869603
9 63 0.14646948288016803 0 0.3393615196252482 0.4689368328665757 0.04516606860671183 19.70108191841287
10 70 0.12037312839375205 0 0.24849600961151677 0.4067194228600558 0.010395118579629927 19.383447361842716
11 77 0.11191918035731765 0 0.2622928653722754 0.4696823799636724 0.02314219501554018 19.723797490372892
12 84 0.09930799791441228 0 0.26353303347144363 0.5557331679728195 0.016068401345068636 19.87603589241529
13 91 0.08779861579878599 0 0.23508505245438055 0.5666749768448909 0.021734354024089374 19.728592881825712
14 98 0.09433688381101438 0 0.29446587083062975 0.5820175612250049 0.0373019557286807 19.82100121575632
15 105 0.1041116678122219 0 0.25882488027297484 0.5814152193284938 4.0059935752690954e-05 20.503916363783375
16 112 0.1075908251350481 0 0.23620409546783935 0.522825878444444 0.007844545021523451 20.223843906725822
17 119 0.14345802913740813 0 0.3049670909804298 0.4046983598550583 0.07297133604897085 19.463550413721713
18 126 0.12408322796924874 0 0.2793079118016558 0.5388196903127773 0.13441542682184582 19.472161795421744
19 133 0.11675719324257434 0 0.2597279510352821 0.5564690578468036 0.01663930217735788 20.109899259264413
20 140 0.1254746908392316 0 0.25969837258819317 0.4918645448496759 0.0898960500625734 20.325412286707955
21 147 0.11001335682392469 0 0.2608596105190165 0.6016892321462286 0.1012373893334998 20.395028001466514
22 154 0.11702413613529318 0 0.29356513995951306 0.4500942253912925 0.07149763052365547 19.81316948468249
23 161 0.1029795901855463 0 0.22212079087080006 0.4905659522381093 0.04833926479214969 20.289398995259518
24 168 0.08450138702400922 0 0.2214298300186619 0.5288599887640015 0.031395261764652994 20.27815127573105
25 175 0.10568074828957202 0 0.23018590921012086 0.41903301960511624 0.02156209049593029 20.32148658655493
26 182 0.0957481404060805 0 0.23348710085172214 0.4317078571448724 0.042233821813259846 19.66076849660645
27 189 0.09774667009622448 0 0.2650668217422086 0.4094455463409923 0.030543150881449103 19.49196729350466
28 196 0.10670090048284607 0 0.26038357633196463 0.42619611913045224 0.029599279080103964 19.283109095068426
29 203 0.08498236132353883 0 0.2529447702227768 0.5986357404598294 0.06327503108649063 19.992084767273585
30 210 0.08909900534819337 0 0.259875159068191 0.40719106277831607 0.05274123607312068 19.173898403343344
31 217 0.09898873497707202 0 0.2473058092928522 0.37622991699868386 0.058358525945589726 19.05474652466834
32 224 0.09240205538826013 0 0.25490961697981773 0.3382296888636271 0.039068664186654556 19.321961707569216
33 231 0.06933321658387831 0 0.22959163116879902 0.36510071512380204 0.058134521492205514 19.047060695276176
34 238 0.07449338552726184 0 0.23748402548828987 0.326750570643289 0.060110326096623784 19.19726104299634
35 245 0.06761727844202403 0 0.2483000100332315 0.41530253430592823 0.042901891546558685 19.56041158216019
36 252 0.06303760888182307 0 0.25887856061170744 0.38061790850266153 0.05049870807811611 19.602788998630864
37 259 0.05551158568940485 0 0.2458643562215871 0.33857939671401904 0.04146642605473102 19.511139221248943
38 266 0.05728368809644167 0 0.27203992153027684 0.29937840404143223 0.05931374177464561 18.856909620954795
39 273 0.06318609241205694 0 0.26538402751308227 0.30118780455638117 0.04490078617131669 18.738822341939823
40 280 0.0869981289128131 0 0.2476648157310948 0.18895187395933127 0.039961072758361145 18.047474019956375
41 287 0.09564108117448829 0 0.24144086684698793 0.2549936871207668 0.05717537427094181 18.08001552807039
42 294 0.11730552191939608 0 0.24266144119911165 0.22373198237753242 0.04376611052785242 17.880338327350138
43 301 0.12155069864204379 0 0.24678473615724658 0.23662975920712234 0.04322355703236588 17.18322768912448
44 308 0.11078271079056384 0 0.23705767978665707 0.15252550479285532 0.057919401748880286 17.948317340125833
45 315 0.09928475177903007 0 0.21844130533659709 0.2807543544637144 0.054352506952415044 17.903923930315695
46 322 0.09955238410237496 0 0.2731506609203411 0.28338937090134747 0.05853379139052606 17.76536186069099
47 329 0.07938290996150305 0 0.23868991135048617 0.25548345660357885 0.05339228737481687 17.658449960546967
48 336 0.06328309798125886 0 0.24512982772951858 0.266025289692093 0.04779389439875135 17.83443008444325
49 343 0.05062762249042998 0 0.23205880549619687 0.21804202382079865 0.052924071620789985 17.293948955472885
50 350 0.049018291331988234 0 0.24557086126048444 0.21201561146020909 0.05177452007843717 17.410824559998577
51 357 0.04470982517010615 0 0.2634430360230232 0.20149635857072795 0.05074292970982112 17.395700645795575
52 364 0.03779876238810626 0 0.2512946119095591 0.24190895127052772 0.05180057795602066 17.697063001602327
53 371 0.03986111434245295 0 0.2417524548497076 0.2532584185567092 0.049920241480820235 18.342950015215383
54 378 0.03452348895627726 0 0.2267148780649574 0.23978984921567675 0.04984272704917363 17.858604705373605
55 385 0.03143200432312255 0 0.25134941853666587 0.21935034681293675 0.047508087475677564 17.752049144582955
56 392 0.02655189992549801 0 0.23717984083059107 0.22638809648012517 0.04811847369195523 18.074231028302076
57 399 0.021379795781471686 0 0.2537861962167066 0.2313924379522334 0.04830896402064272 17.942412965195395
58 406 0.022673747757963734 0 0.23995841044574237 0.23505101820412774 0.04808340032491983 17.865614787448642
59 413 0.019600222510337863 0 0.2566762470128581 0.23254802798758825 0.04973725666578589 17.63797459904096
60 420 0.02022731629773904 0 0.28367074463881725 0.23501600342880904 0.04859923618388711 17.491300110176304
61 427 0.018609693663742974 0 0.25378928819074686 0.24640042677568755 0.04982341918766999 17.90160993482348
62 434 0.01588755958493102 0 0.24382960148898358 0.23363008135229701 0.049339688010328446 17.630093361543445
63 441 0.01586076346687566 0 0.22655625939392074 0.24415625302834365 0.049654906698264785 17.818897777541004
64 448 0.013032400585187114 0 0.25000428815175496 0.2362178250225286 0.04917695234046997 17.704968879836134
65 455 0.0114717696800916 0 0.23540055389035391 0.24177265812881468 0.04972594162197254 17.644403424894602
66 462 0.010886662526445422 0 0.22766813270446667 0.24050367489159258 0.049854997746762705 17.50377472152599
67 469 0.009578011726399362 0 0.25168500134775595 0.23769982521491353 0.04949732086289622 17.527237020182817
68 476 0.0106200329968648 0 0.2686116523495932 0.24527614559427235 0.050533678152080964 17.237699971226576
69 483 0.01144104623455353 0 0.22672098242593938 0.24252282368379255 0.0502091311802673 16.900497294505822
70 490 0.012605110871781207 0 0.23406256605839013 0.24123875608047138 0.050624840629096696 16.613557348523887
71 497 0.011476551468707748 0 0.2296453808674383 0.24128099569187372 0.05022904462126663 17.188371818124093
72 504 0.011526170813411705 0 0.2630073594483806 0.24572895902355732 0.05045370289364682 17.663409169862675
73 511 0.013937080527740618 0 0.22936229904237762 0.23537530688344768 0.04919863287521001 17.270094312637468
74 518 0.015390010425721214 0 0.2319272185051728 0.23809142945776302 0.049235784732012754 17.68828605319806
75 525 0.015486565418544406 0 0.2661990388717294 0.2404079173228819 0.04986080475383591 16.64336396331857
76 532 0.016288015859150132 0 0.25571534915791333 0.24749765634985063 0.050089759702586945 17.636980198923833
77 539 0.016289500302616198 0 0.22614951523445886 0.23947843461250715 0.04940961385164989 17.49101849918499
78 546 0.016722414277267915 0 0.24984087232944824 0.24003973710432974 0.049068156902340315 18.226464959901204
79 553 0.019503766774386283 0 0.24678278914881244 0.23731159662408446 0.04823911464086687 18.957564814031546
80 560 0.018342435824341773 0 0.25794997878991693 0.2410149987256967 0.04868593278465146 18.93031763469536
81 567 0.016205455449576314 0 0.25702010944641546 0.23820021516215453 0.04862155840170858 19.373776486659473
82 574 0.015418084699872086 0 0.25181685784215074 0.23930192393280708 0.048703904484257106 19.681558262140594
83 581 0.014403419829383118 0 0.24328305654792845 0.237792047109548 0.04873251025682022 19.33619254457242
84 588 0.01337391296712843 0 0.2832497152751716 0.23671970624518363 0.048285724053830054 19.387676034234033
85 595 0.013592893226893998 0 0.2663243787256435 0.2357265764086131 0.04843457257668741 19.15702738788784
86 602 0.012717950134899096 0 0.2585083552745272 0.2392982680393374 0.04885179574517087 19.38159516693261
87 609 0.01000809660489284 0 0.22338992540264974 0.2374092481953888 0.0487241312020454 19.167532828017915
88 616 0.009490439681288897 0 0.2644162029752836 0.2362221995588896 0.048724443451920736 18.859348494608263
89 623 0.008564826076393086 0 0.2340379907270224 0.23626599327083522 0.0487469086860132 18.848607429277422
90 630 0.00915921537886987 0 0.26179343181242787 0.23949125572251517 0.04903732014573872 18.873387361915853
91 637 0.008742894004588638 0 0.26790429180185943 0.23755074309587437 0.048859466003385185 18.608185006494388
92 644 0.00985838600323457 0 0.2760898985943476 0.23821350840083988 0.04887152179641197 19.093912927120876
93 651 0.01223500311048455 0 0.23343267892510658 0.23909079706289124 0.04902829843783091 18.79134645258959
94 658 0.01845925179697208 0 0.24794032050656312 0.23964914799778433 0.04938539750414692 19.124107513849207
95 665 0.017769564021241174 0 0.2697978473884798 0.2372376818548168 0.04931048409972792 17.75273108255177
96 672 0.016269573509601693 0 0.24663421355506976 0.23944384782905626 0.04925151947872918 17.796989264591637
97 679 0.013927688446729635 0 0.21999129842082174 0.23707992446505408 0.049158708839228474 18.735930121311622
98 686 0.016759353893831982 0 0.2283360046385684 0.24038471861110425 0.049240222405079484 19.5489642654871
99 693 0.017826489159591487 0 0.24127753734154472 0.2403850840355108 0.0493217842846151 19.016575326988203
100 700 0.014418698924699182 0 0.20833670538278448 0.23995811390817598 0.04946826815662648 18.593910365415464
101 707 0.012710833317221401 0 0.24996542029314378 0.24083089946831837 0.04943989282620206 18.56233414453352
102 714 0.011768589787060949 0 0.22590357220875704 0.23905200904257193 0.04929448959704441 18.937099502760475
103 721 0.011520974931898492 0 0.2464510567532642 0.23864946891298314 0.04920095707784044 19.17676258172743
104 728 0.010919420559496665 0 0.2619460362202861 0.23876968581016592 0.049386857540805865 18.716741697318543
105 735 0.009768539977037121 0 0.23065561973202026 0.23881696956275847 0.049107108768062596 19.627953060290725
106 742 0.009690903172678594 0 0.24368356261716942 0.23968688210812028 0.049110370999899206 19.573183278067653
107 749 0.011236354322056141 0 0.2342064897824533 0.24073639644092823 0.04932319908075458 18.96565684270279
108 756 0.011106526352359137 0 0.26271114853354416 0.24180020490685236 0.04937902621386308 18.857034002254377
109 763 0.011795368865841949 0 0.24574933518065106 0.2410211000887191 0.04939333693672395 18.700716749689203
110 770 0.011186714543099979 0 0.256326305882333 0.24237523296365707 0.04953733831813009 18.55712301790076
111 777 0.01141721063828054 0 0.29055366015222184 0.2407972230222191 0.049603011576182916 18.305057429781215
112 784 0.010786798276926163 0 0.25642267643445127 0.24118833345076784 0.04955813403765636 18.01372594819214
113 791 0.009919048052954405 0 0.2780538525100582 0.2394939324288066 0.049583617096486406 17.938290946852664
114 798 0.010341312633696854 0 0.22843363653348395 0.23918671586737758 0.0495358756817196 17.932855181313904
115 805 0.010095177920688965 0 0.23521394231351436 0.2401704864102128 0.049607852753070926 17.79272712695324
116 812 0.011503713978403376 0 0.26804331066682807 0.24261873656747115 0.04961426546799074 18.40589730564244
117 819 0.013072299823399506 0 0.2297335928077357 0.2414807762946835 0.049715202713948047 18.039030604066525
118 826 0.0147779121259633 0 0.25075733107843434 0.24167930004590005 0.0494122511736718 18.85682679082748
119 833 0.013305158876373438 0 0.21788444958880426 0.24252359569910678 0.049598340297155784 18.66074173967854
120 840 0.014487504030966433 0 0.23937280450244372 0.24094357304459169 0.049376347926879706 18.571018819120585
121 847 0.01683518107409689 0 0.23167261829784672 0.2435540599318724 0.04927931944929819 19.303937770446023
122 854 0.0164201932339695 0 0.24895882175303097 0.2438673687514292 0.049517692687202984 19.145662191924007
123 861 0.022195747981270296 0 0.2524090610285486 0.24559961719978435 0.049586224212158345 19.3820229460362
124 868 0.029419642416797474 0 0.23428087875479406 0.24743082998267432 0.04989304225872529 17.999075805316377
125 875 0.03682754532600596 0 0.23923270768146623 0.24791224184846714 0.05007831755200505 17.34936591321175
126 882 0.03021482725010414 0 0.29350943192094364 0.2411336136864024 0.04945859729748578 18.533875585074757
127 889 0.03273099422292826 0 0.2506164925569323 0.23769613285713642 0.0493910901407991 17.44426165205105
128 896 0.029645358210597102 0 0.2521943145634711 0.24468452223639053 0.04905975637387166 20.247928052575244
129 903 0.026536837419002327 0 0.23167575173014804 0.24261626699230035 0.04955159697414419 18.7334836162867
130 910 0.026642409968437367 0 0.23765059579061312 0.2403366457961041 0.049255873984513164 19.61625490031015
131 917 0.029269873135428223 0 0.23622129649171314 0.24445815679495841 0.04993691073497115 17.682436243194978
132 924 0.027845118685948526 0 0.2628668252198519 0.24582827414155503 0.049856611998773274 17.783078072959956
133 931 0.02566346505520582 0 0.24596036522883172 0.24353564565062447 0.04934696826174809 19.10985346857091
134 938 0.02924684953585989 0 0.27430340966076966 0.2474227471744642 0.05010281488587688 17.254609316284643
135 945 0.024308294267307698 0 0.24481779179965144 0.24528181455281453 0.04966547353958186 18.76899613484465
136 952 0.019938492322230113 0 0.20560432965863043 0.244496660059436 0.04955778022916088 18.967217785334345
137 959 0.017593837599493962 0 0.2456482623567701 0.2471027781394239 0.04969183214364514 18.686199590503453
138 966 0.017514916811251256 0 0.27807341869125896 0.2471654043501694 0.0498821171244436 17.89093180880814
139 973 0.01597038021733756 0 0.2505014157140852 0.24855170184236663 0.04985876482830981 18.225888726878498
140 980 0.014701443172719991 0 0.2663526963646116 0.24791839871725074 0.04988089001658353 18.0523470525344
141 987 0.016821232670121165 0 0.2437127121304433 0.24736179177856632 0.04960988852611233 19.11306735663776
142 994 0.017985443339296085 0 0.2361930040342865 0.24774512004069457 0.049604675411439474 19.20733733550373
143 1001 0.014129190791455078 0 0.24468916281846192 0.24749981837474994 0.04984769867111444 18.24796220752607
144 1008 0.014708903562736391 0 0.25887861817944213 0.24772212007048716 0.04964792115739987 18.803462978217656
145 1015 0.012253859243627992 0 0.21673628988512297 0.24808923033685365 0.049714811210636006 18.762060687407423
146 1022 0.01501046865343536 0 0.2322768297826895 0.24908435274402463 0.049629990072188726 19.37007566524453
147 1029 0.01192745656630904 0 0.23859976614213704 0.2484004225232056 0.04961903624051146 19.247816798008724
148 1036 0.014638771398692697 0 0.23887357240322776 0.24647346226323888 0.04944409632662888 19.614938724920446
149 1043 0.015543225878308977 0 0.27763063538728133 0.24823670027456463 0.049545619144482606 19.346498088746795
150 1050 0.01423326891209919 0 0.22081334177148026 0.24770029156408943 0.04954331398215099 19.364770103180486
151 1057 0.013623183204932174 0 0.24237505461056813 0.24761446160587505 0.04947111966429253 19.627787094612483
152 1064 0.01602200475573725 0 0.2395391370473955 0.24658165530465143 0.04956168692156071 19.24619363625177
153 1071 0.02234710721652759 0 0.2682497961258616 0.24505897734063128 0.049281092160586765 20.235873445642223
154 1078 0.0277862490292007 0 0.23407125779218063 0.25079950842803506 0.04996491823316832 18.23364215778893
155 1085 0.02624546911861926 0 0.2160602481372561 0.24219428438341095 0.04902096339471005 20.89931982501894
156 1092 0.02327591010087337 0 0.22992018350100057 0.2475583022844373 0.04941850631415096 19.898674348909843
157 1099 0.02535454311674416 0 0.2629226351524593 0.2454645778005 0.04944305170807014 19.534338759910945
158 1106 0.023728120426568976 0 0.2726663951770492 0.24250484356358956 0.04886296556773998 21.328945357355366
159 1113 0.024852507732067385 0 0.24100187741725637 0.24885451348590648 0.04954361881993514 19.551959893252096
160 1120 0.025842241039451406 0 0.2684883780069248 0.25214469073527185 0.05011307356185406 17.674625701866834
161 1127 0.025367749477742854 0 0.27106644305542227 0.2522692537718803 0.04976158009300046 19.047382788305672
162 1134 0.027932059409041077 0 0.25694690700041456 0.24943727133475713 0.0495455554101781 19.398111356616553
163 1141 0.03244553186827163 0 0.24829921965622742 0.25448181521153446 0.049924120329264396 18.414715520014305
164 1148 0.031931229869150764 0 0.22069664202208683 0.2550324863641284 0.04990661344291575 18.4399015573501
165 1155 0.030049634982115332 0 0.265563836858701 0.24964701485767646 0.04941850055492948 19.768459825401735
166 1162 0.03290856976045847 0 0.23910996077900223 0.2473188875975773 0.04902723197493554 21.01171955094154
167 1169 0.03131157350261354 0 0.24761695122592228 0.24988123170490223 0.049261238993319606 20.439782139867518
168 1176 0.033066995937842784 0 0.2512795603123752 0.2506563321948561 0.048907854288631016 21.80251683154605
169 1183 0.04090141088325586 0 0.2493074995438616 0.2523958219260719 0.04908786325244873 21.231835408965445
170 1190 0.04218462439697894 0 0.23195598160075015 0.2546403701673006 0.049239204959294555 20.730813051288866
171 1197 0.055245929230762464 0 0.23786834186462924 0.251819312011514 0.04829082822335595 23.919532553353076
172 1204 0.06583936731461405 0 0.2522644606789971 0.25579700529553795 0.04930831557727508 20.256333805463097
173 1211 0.05423797528815111 0 0.21957088079958945 0.25020437791969546 0.048432645296939345 23.481035139605538
174 1218 0.0627954813673483 0 0.250317751400498 0.24132557903935095 0.04708716901092834 27.70355417688954
175 1225 0.08502555128070782 0 0.22850160108840245 0.23679412229026164 0.047915862461368 24.586098203430776
176 1232 0.11759255048237643 0 0.22084641848616923 0.22616783800216778 0.04781793827240568 24.63856977273647
177 1239 0.1471562366899174 0 0.26900823172079646 0.2451102559644359 0.050066663370554404 18.011404054003417
178 1246 0.14760599023487012 0 0.2512557597003702 0.23840114450880728 0.04937873373619496 19.035979742236815
179 1253 0.13264727986865948 0 0.24384398750973452 0.24394042652250386 0.04819506556169497 23.79375797932664
180 1260 0.1272465545784149 0 0.2556735629725711 0.25584157204006597 0.04979792036715597 19.40369933029336
181 1267 0.14223366584673883 0 0.23715628109843306 0.22459445329947933 0.04730261327953281 26.573409972202008
182 1274 0.15477415299066766 0 0.2577469168674309 0.22451685402680513 0.04635863691929581 29.856989645117984
183 1281 0.14729348326927505 0 0.2133600485754048 0.23133389196194215 0.04812824335990175 23.842366128341876
184 1288 0.12134594503033211 0 0.24742345512514963 0.2216777261367987 0.04609779622398183 30.78010574804882
185 1295 0.13480834578935708 0 0.25002394121314764 0.21109102106620656 0.0443203694227135 36.65266145895099
186 1302 0.13038072820800706 0 0.254294462395237 0.23386710797537896 0.04673655460180828 29.32091668594525
187 1309 0.11344025092064056 0 0.25374863494893224 0.23026622657399007 0.04625377904230283 30.755240868087554
188 1316 0.08975085652075163 0 0.22364015666603504 0.23627322180054136 0.04705717376766771 27.958625765699804
189 1323 0.09799760510265924 0 0.22944132569532072 0.21694164047584688 0.04435780149581353 36.82908798897861
190 1330 0.09782977494568033 0 0.27403500903611633 0.21885655133862655 0.044461113047669275 36.5140352370086
191 1337 0.09128383600054225 0 0.26093887954429307 0.21632234001924353 0.044099332882294874 37.75000462888722
192 1344 0.09371423813151865 0 0.2270406703354219 0.20254834209670639 0.0423162205803454 43.78007405181125
193 1351 0.12116122905328819 0 0.24992850778210093 0.19046621454719753 0.041077380184782394 47.957842581502625
194 1358 0.10987091785289922 0 0.24583979352172816 0.2214835245480974 0.044915403201589904 35.02741435835959
195 1365 0.13012366699657404 0 0.2273694850274433 0.1823202093271419 0.040727530754187884 49.180949519336785
196 1372 0.163925861198658 0 0.24081458529341768 0.17519721327881396 0.04031356677342987 50.43454228357319
197 1379 0.1805019622669494 0 0.27525821945156254 0.20583770850500147 0.04418317747322777 37.284977427751144
198 1386 0.24807114416237055 0 0.26053215737386415 0.19336735206775477 0.04284794658366625 42.15046582095573
199 1393 0.3814562501034921 0 0.2720387834733617 0.29400590397022797 0.05546125919734138 1.7511118032050348
200 1400 0.4714201805336239 0 0.28138300599980876 0.27626555916566403 0.05636607383524085 1.8058712903190357
201 1407 0.4200207276652866 0 0.26356666107496046 0.27373809783585906 0.054905265920328135 2.01274219950203
202 1414 0.34912234791072405 0 0.23960927828358178 0.22785820762360892 0.04929409782690467 20.9293595521857
203 1421 0.36657061056214557 0 0.250108354719048 0.3255112350990248 0.06090806276922817 15.81194947970741
204 1428 0.4504940706585799 0 0.25480432646602147 0.3648228195244046 0.06608597328377505 31.002823778774776
205 1435 0.5104472552613878 0 0.2369859930792083 0.2071522621243586 0.04421150689308476 38.61625607469659
206 1442 0.5633233409669746 0 0.2561391446917053 0.11308600679525369 0.03503351494294424 69.91821177586593
207 1449 0.7290748562015343 0 0.23573059207318967 0.08400704749284345 0.03293433366601887 75.20270594520468
208 1456 0.6372996348217637 0 0.27666709864530464 0.15611766813916572 0.040873103589873123 52.75388501590645
209 1463 0.7508464194729468 0 0.23116019330171123 0.21518518818843907 0.05088049766980267 30.404955472483554
210 1470 0.6765345840093714 0 0.24074028003779416 0.39937022672169387 0.0710630685762269 11.669552784469257
211 1477 0.6815712688915847 0 0.25758093227627105 0.24897918262523905 0.053167249304624374 26.6458598735907
212 1484 0.6144856197064236 0 0.2524651530324638 0.2891242151186387 0.05553217635766503 21.82771365202078
213 1491 0.7813568628894716 0 0.25058740466209056 0.09406167560482628 0.031412887025833884 75.9113295462987
214 1498 0.6598752850152865 0 0.29249474329082203 0.28540704973699377 0.057055686028603156 26.685935103062526
215 1505 0.5519934585674138 0 0.2526794356042873 0.2468563462684319 0.05151212046331884 35.799057957576956
216 1512 0.5432827368094972 0 0.2208410722358553 0.29572670078036284 0.06009074681447016 21.55384132715978
217 1519 0.5294701421695066 0 0.24151625412413363 0.28325909214741535 0.05533495820156483 29.350147751539776
218 1526 0.6103282815766673 0 0.25024996961763957 0.2353225390120186 0.04763221009159102 41.94990758256139
219 1533 0.6396084992724291 0 0.2363894956295095 0.1648836517020311 0.04038412203109109 55.66604168790625
220 1540 0.9127210043175573 0 0.24051569063026315 0.03413883090612446 0.02541429132087737 86.91407079686371
221 1547 0.9907556602152056 0 0.2702358198609406 0.03244331541792261 0.025523707923019976 86.51492929341183
222 1554 0.7958509719511939 0 0.2460077219552724 0.3010339826741841 0.05954707705898592 25.204831797708238
223 1561 0.7526637955892623 0 0.21535507749022964 0.00020418714274085314 0.01758330329536279 99.98674634821742
224 1568 0.6901564368012485 0 0.2228996144364126 0.014073654410143447 0.024106032246219485 89.2922450578034
225 1575 0.6295470711801716 0 0.24947697512094352 0.049628380335009076 0.0275170468743974 82.17277553014142
226 1582 0.5996322682946342 0 0.24708236891343519 0.06625162385707667 0.0284861614072561 79.81213572435587
227 1589 0.5356360471208754 0 0.2450519311593091 0.0003255091682638902 0.01941759345667732 99.17544325410523
228 1596 0.4927211295747037 0 0.2593827868623847 0.020430575720303087 0.023496971800067618 90.74288220511677
229 1603 0.5075737056787005 0 0.2397208164939869 0.0036520754746242395 0.019326338611235228 99.13291651738137
230 1610 0.4069754756440184 0 0.27905207248893843 0.029494999048270173 0.02455048219214803 88.41668571456032
231 1617 0.36708064496899734 0 0.26386664634476137 0.007558642859657927 0.015044166865935378 96.95501363261921
232 1624 0.3573594097106097 0 0.21544295158667992 0.001835601200545175 0.016838610396305402 99.59654886386038
233 1631 0.37651443036347404 0 0.21395490875215162 0.006328584415004189 0.01581026346289505 98.35534432901187
234 1638 0.304359343641977 0 0.2462025648478661 0.002514548837975332 0.01629539292294687 99.07211979952183
235 1645 0.40994219751784056 0 0.2642350573899388 0.003259818452088846 0.01586242672272383 98.39085012749521
236 1652 0.46473065294953136 0 0.2303781592336831 0.0003236732465799377 0.017327733168261458 99.8716150796439
237 1659 0.46704308332592137 0 0.26589800476051517 0.00025049404906153086 0.01886892218807715 99.68431278185822
238 1666 0.3706668518122968 0 0.23234971828965822 6.30189674556116e-05 0.01852921228369368 99.85771297175937
239 1673 0.4073291061673489 0 0.22811494732821183 0.0018887148721681418 0.019619629699199292 99.02652815142524
240 1680 0.3736305238271432 0 0.3039232387374526 0.0037101950341692433 0.016296514651783688 98.99291559386394
241 1687 0.29281265045258814 0 0.28600720960360926 4.741615335769164e-05 0.018739415047387537 99.76324297701038
242 1694 0.330948548109461 0 0.2506443872100183 1.1256790598765488e-05 0.01867748946377002 99.772530320282
243 1701 0.3956585140229339 0 0.23030860802490305 0.012892185310778613 0.015681250944171467 98.00808384233513
244 1708 0.49722186599949114 0 0.24181615798708653 0.0019494866793389968 0.017862712226411014 99.99534472050395
245 1715 0.48125033325066674 0 0.21763328788534156 0.003681524910838657 0.020839683779317116 97.19365554280554
246 1722 0.4841985040630772 0 0.2546757813556082 0.0005841010781662309 0.020254133331329457 98.23427824404477
247 1729 0.6317308728038548 0 0.23956426875184078 0.004418767068597889 0.02237860624745575 93.48240638893603
248 1736 0.701349943234533 0 0.2467214424967098 0.020870310357735903 0.025072411645409142 87.30225258053207
249 1743 0.5849133092903598 0 0.2368550887342514 0.004286804726897775 0.022697847484619248 92.6343755157002
250 1750 0.4714240971509618 0 0.2507049419962439 0.012730362570205447 0.023899765320297143 89.99380755637897
251 1757 0.5878988305632088 0 0.27975332688585025 0.017302861472692187 0.023486936884245118 90.97259999281061
252 1764 0.5429015797455694 0 0.25002807466579074 0.008504722927018165 0.02318424231225839 91.5909588172402
253 1771 0.5655927910420113 0 0.27200920182788274 0.023780902965074447 0.025486324711863535 86.09034017993183
254 1778 0.541647305687396 0 0.23628341643623105 0.019580846482840364 0.02475528786964891 87.73792807543809
255 1785 0.6927539911709061 0 0.2335811665907671 0.006440161366199455 0.021657570713515116 95.06293439848427
256 1792 0.7178361352658476 0 0.2473262097364799 0.008614758968818522 0.02288886338297867 91.97419039657983
257 1799 0.8400571996781946 0 0.25688579381062066 0.0064685271627780575 0.020519449042309405 97.43277697814528
258 1806 0.8873430323167618 0 0.26848636457989444 0.03399470703166398 0.023698683478850034 90.2998852713055
259 1813 0.7654204140435988 0 0.2596556719483916 0.022502825246820044 0.02298095094399234 92.05802753325582
260 1820 0.7413755962387941 0 0.23895673109780266 0.04724409023628829 0.02497778348602409 87.03049082568003
261 1827 0.5507319551178367 0 0.24654970254476485 0.034727866699800734 0.02459497404233093 88.1980582196105
262 1834 0.521811792751686 0 0.22276913644650664 0.024699482014531683 0.022996931266685113 91.80398517688093
263 1841 0.617908224951259 0 0.23627229800763067 0.009340666551312134 0.0205907766274311 97.20693016556127
264 1848 0.6828549976758942 0 0.2588858837797315 0.005534284476226832 0.020324547157871797 97.7426085863548
265 1855 0.6145498992005419 0 0.2643157472075916 0.006317000040869298 0.020377280052081188 97.57619918735752
266 1862 0.5106373640287936 0 0.2460008102666527 0.005564652376136331 0.019745308178884303 98.60603557849782
267 1869 0.5363995198726799 0 0.26982852579680777 0.0021283874772185223 0.018427084415338364 99.8043247587122
268 1876 0.5159539146577491 0 0.23915937965075806 0.005345115563433318 0.018843146617709743 99.52079968305226
269 1883 0.7816932080490522 0 0.2202969859342633 0.0008529240119255223 0.016662895725154683 99.63212021474011
270 1890 0.8512188737244923 0 0.2662282181905112 0.0019738077890049765 0.01701237162076186 99.82241606108084
271 1897 0.7507641159003858 0 0.23875944524653353 0.0005718309579290089 0.016688978767628343 99.60641182682456
272 1904 0.689208604548817 0 0.2507219529087641 0.002460023416155289 0.01717030604304399 99.91046407179925
273 1911 0.546592641977569 0 0.25701543281018296 0.0013293536059783605 0.017052068268212876 99.84723916184464
274 1918 0.4706818223660773 0 0.25656829719810315 0.0033530184020296103 0.018053146069943224 99.94236122883676
275 1925 0.4920499091434438 0 0.24604389743286842 0.003453647191815515 0.018352152611286348 99.8344119467186
276 1932 0.41573284965178453 0 0.2659806823670509 0.0026699806892568345 0.017534581831839327 99.99581426614498
277 1939 0.4118688065684614 0 0.257693181154794 0.006088317791205678 0.01890804938315727 99.4583803823113
278 1946 0.4682169513224349 0 0.2608180522495492 0.003735158513732711 0.01780889544786779 99.99042400251622
279 1953 0.4242380460177414 0 0.25689013292346646 0.005918031150600255 0.01843847215772488 99.78114462981074
280 1960 0.42874062501652943 0 0.21645696367995265 0.004510774489247768 0.017710989490256755 99.99716416824106
281 1967 0.43499952429113986 0 0.25357580747979913 0.005234333541764849 0.017429588451590913 99.98774333376157
282 1974 0.4606106043020009 0 0.3217754972014717 0.004750329479173922 0.01779612150922632 99.99088427791887
283 1981 0.35582099527075756 0 0.23199945279296247 0.004804779096681053 0.01807473467789896 99.93105041040637
284 1988 0.28913065796982934 0 0.26706632038998007 0.005670816964166662 0.01781741695032219 99.9860017652654
285 1995 0.2911585317549225 0 0.22257555207544363 0.00541230977760531 0.01811611739449113 99.91345569701882
286 2002 0.32852253861274516 0 0.2399313811555217 0.004644487217441845 0.017601732601645985 99.9999933325891
287 2009 0.36354597097737923 0 0.23822537358361176 0.0036149975388002657 0.01723611454172365 99.9443810969538
288 2016 0.2963688563817768 0 0.24417345622422312 0.004920842910841859 0.017421879576357 99.98658036041395
289 2023 0.26458437900554016 0 0.23479637550301052 0.004169737643342202 0.01753784150937 99.99821915069782
290 2030 0.2569332796924481 0 0.23898529511483801 0.0033600932402559312 0.017624741082231568 99.99999826709592
291 2037 0.24335971324260522 0 0.2318150146789315 0.00420882990034915 0.017626300061118233 99.99999296916508
292 2044 0.29752521862334314 0 0.2161622399645106 0.003661742323965302 0.017798007512685163 99.99117536375142
293 2051 0.3460638139803328 0 0.24090984172869714 0.004534021090976062 0.018086778373046147 99.93161484514837
294 2058 0.3115330886637325 0 0.21198981514199447 0.004377611604506237 0.017775631527710924 99.9938395127813
295 2065 0.3556580653717427 0 0.24213498714948478 0.0035866942689276016 0.017588728552659406 99.99831152066771
296 2072 0.3827770559728579 0 0.241312166651677 0.004271079412828865 0.017664768626424614 99.99994405512709
297 2079 0.37868025031469515 0 0.2442684467688974 0.002962460352128794 0.01729224837591874 99.94927438797204
298 2086 0.3107775570798071 0 0.2153074319515742 0.0030663531937742284 0.017680162710891293 99.99995176326509
299 2093 0.2609881738683609 0 0.23676061547706628 0.0033282704675478996 0.01760510667142471 99.99874763853103
300 2100 0.22539461327322113 0 0.23160892335517458 0.0034485616580887156 0.017529786062571214 99.99323168134168
301 2107 0.19158366310943425 0 0.24542267112530913 0.0035981259259433617 0.017632757089881376 99.99999957148904
302 2114 0.17293355966007126 0 0.24358133205381022 0.003336103455069703 0.017602739894212772 99.99952124520216
303 2121 0.17654645611101197 0 0.2582170865065347 0.003587845608904176 0.017659392428387623 99.99875014323932
304 2128 0.18282755794485067 0 0.24027145109068765 0.0036645300721759077 0.01767970596597771 99.99646227195893
305 2135 0.1814961738031608 0 0.23574438186625052 0.003737192659163613 0.017703126463460225 99.99407823281572
306 2142 0.18526198063084426 0 0.2610216626155066 0.0036747783112924437 0.01781459076793287 99.96522398508029
307 2149 0.2489604041082779 0 0.27369427931382506 0.0038746851442114966 0.017848265878901037 99.95559248837209
308 2156 0.2915133217380805 0 0.23427278807489935 0.00372624062465123 0.01767337024796625 99.99817571593158
309 2163 0.29330473823367836 0 0.24328290975907516 0.003277218894562815 0.01775584225852393 99.985434924042
310 2170 0.2447574919008992 0 0.23304266393053355 0.004110872423569181 0.017908304231045245 99.92579919985862
311 2177 0.2855506644090793 0 0.2235931664772667 0.004166901137371654 0.018068372121560313 99.8208062341741
312 2184 0.23223877897112336 0 0.2545049287219789 0.0036133252661510475 0.017795160129550278 99.97696357451173
313 2191 0.24046086869480987 0 0.22086654938603337 0.0035971054597520283 0.018067988470948704 99.82471122584529
314 2198 0.2843712744779211 0 0.227343942888106 0.0039006648607019146 0.01819135788850632 99.71387431160544
315 2205 0.2509389409059022 0 0.24759167794561113 0.0037123377356113696 0.017911700124367054 99.92614940171589
316 2212 0.2208419890686949 0 0.2851751393804585 0.0040501395238797915 0.01805114844848214 99.83602876959405
317 2219 0.2083812388443622 0 0.23279987923482787 0.004065691850486848 0.01819416719438491 99.70441549178098
318 2226 0.22901416480750014 0 0.2513818478330419 0.004028755685709194 0.017923520755124902 99.91167806232009
319 2233 0.33551112946864803 0 0.2616744162604521 0.0041593505593366135 0.017988755072212953 99.86982431348318
320 2240 0.42173882816659847 0 0.2374589993504776 0.0044109939336415705 0.017698348833084392 99.98886111276059
321 2247 0.4565429967004452 0 0.2366131992348803 0.004545136999130255 0.01807295909544712 99.80164991661265
322 2254 0.4251961766328107 0 0.25783099051867553 0.004563274379084778 0.017840067531170532 99.94148473405646
323 2261 0.4495411407809189 0 0.24194048654585992 0.004911071068535276 0.017940969808824387 99.88285380130664
324 2268 0.4592474115760389 0 0.27869047936624725 0.004871205358175739 0.01821151900869855 99.65589215687982
325 2275 0.40214711867932607 0 0.2535565840174053 0.00490091634730429 0.018206544329880264 99.66250600583636
326 2282 0.3819968319220999 0 0.25402781904958915 0.005121153504313446 0.018374108953815096 99.44342084409064
327 2289 0.3979272836874897 0 0.21946129614743567 0.005180617982188266 0.01832604843271276 99.52009303186504
328 2296 0.48081414461387295 0 0.20972448115473488 0.005068309795252339 0.01857066263206205 99.16208012177705
329 2303 0.517822967098015 0 0.2408353761457328 0.005500158304657568 0.018448892458787405 99.32979081370173
330 2310 0.720604137055068 0 0.2702609540728116 0.00608206941553315 0.019301597098085353 97.41324845002832
331 2317 0.6682708761435264 0 0.23028648601829171 0.005394380373373661 0.018960161094976613 98.34628645724757
332 2324 0.5261511177650239 0 0.2392623633332111 0.0056858385274240605 0.01872047119626823 98.84697632397507
333 2331 0.448356483009278 0 0.24870703895142984 0.0053387652223425 0.018687389818541702 98.94767179598998
334 2338 0.4736148526613564 0 0.2732913427001395 0.00531682698149629 0.01858227303893148 99.13431365238635
335 2345 0.4622674446571107 0 0.2423580783300834 0.005737138517151955 0.01893504251238481 98.3982483174584
336 2352 0.4738280300530037 0 0.24641379513680656 0.0058094781359524774 0.019114682276362833 97.95315695599012
337 2359 0.6383890866917797 0 0.2640493323466408 0.005881183084113595 0.019423691091960148 97.06241122599072
338 2366 0.7092199901640626 0 0.2498960022915598 0.006856658671695168 0.02056511259537954 92.62888578446027
339 2373 0.7804740540508288 0 0.24539204390895242 0.005465401800472424 0.019228241443691774 97.64924947676931
340 2380 0.9708221057301886 0 0.2534076419208026 0.006745306608331402 0.020965686196832166 91.01966091012416
341 2387 0.9757415246093234 0 0.24651194757855086 0.007000608667642032 0.0211320239075084 90.31525233707765
342 2394 0.8003151943819313 0 0.2443931808769509 0.007133432386225173 0.0216026743348659 88.44374469734149
343 2401 0.8894921580726903 0 0.23370285479085065 0.006757699040900935 0.0214907531405721 88.91729625037743
344 2408 0.7764132369825901 0 0.24488397994072386 0.006487021083724999 0.01988781509684724 95.33735688492875
345 2415 0.6266559451684787 0 0.22150481635877178 0.006207695281403984 0.020151689856687985 94.26636488089028
346 2422 0.6629423130769384 0 0.24907333164581533 0.005565495804154068 0.01936793357629138 97.20524751418455
347 2429 0.6514606282400247 0 0.23495053029304988 0.0061859809233068145 0.020825878447253796 91.57284898815347
348 2436 0.6814657152063142 0 0.231085627474536 0.005696495043655038 0.019551275711695938 96.58046561433663
349 2443 0.5739627487018931 0 0.23712713886280581 0.0057456213189284325 0.019770692255476254 95.81479805291508
350 2450 0.46766283744897225 0 0.22604889235873293 0.0062667738136322725 0.02053654322052039 92.72266852428214
351 2457 0.4393672745541168 0 0.24359169047246657 0.006581360735540532 0.020573021580094584 92.55399548441196
352 2464 0.5601278177607156 0 0.24627429045999633 0.006324794554481783 0.020448470535713824 93.08565490719896
353 2471 0.5337069870506193 0 0.24896633667239507 0.006181946985941218 0.020012389589717863 94.84736076156652
354 2478 0.45678996080686585 0 0.23134589630413663 0.006281861025592827 0.02018410041466738 94.14954456769551
355 2485 0.35299995454926153 0 0.25012255458253146 0.006038300803240205 0.02019994421530865 94.11185256458381
356 2492 0.3397823668367179 0 0.2765689363461734 0.0060351862715429215 0.020053628314039354 94.70935449741118
357 2499 0.3836078142377664 0 0.239099935119139 0.005900677141737 0.019856497401255422 95.51574914584779
358 2506 0.4232659862539666 0 0.2418385921248405 0.005828181945054323 0.0199070600440463 95.31857087437439
359 2513 0.35953900540492656 0 0.25938757609207125 0.006009660532674533 0.020050459085973565 94.71411609311792
360 2520 0.39135224856323486 0 0.2455918855972681 0.0057337750688230445 0.020009647401360905 94.90895603458914
361 2527 0.4692670499127031 0 0.23345559178363964 0.005729533335311784 0.02011361210284781 94.48531012822892
362 2534 0.5818495849161427 0 0.3020607792331074 0.005680828903792546 0.02034420900755688 93.56541742504692
363 2541 0.5461427555041275 0 0.24653041333261733 0.005785902162692331 0.020355598784785177 93.50279457397033
364 2548 0.4862961263908464 0 0.2254178873663297 0.005444446404148222 0.020203062151017057 94.15402668725424
365 2555 0.4705516067022965 0 0.2239086419616904 0.005846259823264406 0.02036645600059461 93.441160711153
366 2562 0.4783634367882233 0 0.2567688518347804 0.006114523008316757 0.020299392076881372 93.6853708880106
367 2569 0.37879313047699575 0 0.23713005326878797 0.0057919815121892804 0.020213668271648184 94.06718809758121
368 2576 0.38018182240618115 0 0.2535704835223823 0.006045050297137959 0.02006848701652518 94.62871956125542
369 2583 0.5326426250377242 0 0.2341406863473532 0.006268035251979524 0.020283900642845142 93.74687740397573
370 2590 0.6648711264341909 0 0.25815184422561754 0.006621633450335941 0.02029144895583076 93.67262120768223
371 2597 0.7538237802711673 0 0.2686775402431542 0.006165023967669269 0.02005948735533255 94.67602555342532
372 2604 0.8150183358025233 0 0.272044680138154 0.006907217305996826 0.020440860115722357 93.05165695773243
373 2611 0.759530540988602 0 0.22890008091355962 0.006523181460992724 0.020282751157765348 93.72532195598556
374 2618 0.700908318054627 0 0.28472022614399395 0.006462344750632309 0.019844152734749085 95.49856294301081
375 2625 0.8001997550717703 0 0.23295252482949244 0.006258616988394034 0.019800425006249404 95.68134168118179
376 2632 0.795390837425688 0 0.27169499699264604 0.006158526522679967 0.020088323054696693 94.54882512253431
377 2639 0.7430974300006523 0 0.3179211017885869 0.006262293311086883 0.019571389306261712 96.51566340805023
378 2646 0.6049233329039501 0 0.23992708357372725 0.006451178678507019 0.019678589063809756 96.12095286318416
379 2653 0.6056815211195475 0 0.2499048663131752 0.0064556571568889646 0.019958664305014206 95.05868214480394
380 2660 0.5253775051184686 0 0.24051262742402194 0.00617412574891789 0.019690778162560676 96.0982177498842
381 2667 0.4213016972358761 0 0.25807781143894676 0.006404268000027109 0.019698321898986976 96.0460324216406
382 2674 0.3600343594816108 0 0.2506987741826043 0.006463745678197729 0.01985014928126482 95.47590914228613
383 2681 0.33310232007292545 0 0.2687342598366188 0.0064171364800334335 0.019727689404599284 95.93961376987453
384 2688 0.42099534013021866 0 0.2541997705409524 0.006708506342617061 0.019832861623484688 95.5169042187027
385 2695 0.4551619575404169 0 0.24940906336519994 0.006735464809860916 0.019826573712829067 95.54254550613176
386 2702 0.4470640900084798 0 0.2300621220298837 0.006429579453018858 0.019635230388789608 96.27019533503753
387 2709 0.3541340818207279 0 0.22967221714426803 0.006729067220018144 0.019773467336685866 95.74417560078318
388 2716 0.33066027384603836 0 0.2721182280830045 0.0065780815238324864 0.019729370301345757 95.92186138923377
389 2723 0.2756300115756654 0 0.25009648440951826 0.006683376273816327 0.019760549888386866 95.792533740911
390 2730 0.21147609301112766 0 0.2559114442820039 0.006575067286886918 0.0196976302701297 96.07434584968766
391 2737 0.1854947910138204 0 0.24347931372995535 0.0066080593367068 0.019749344564276107 95.82029086610201
392 2744 0.15802149137922017 0 0.2442661028504841 0.006556338820193679 0.01973360320230541 95.91788613294882
393 2751 0.13511782631360877 0 0.25020717917414664 0.006595076330778551 0.01975652518049276 95.7238456305808
394 2758 0.1483799327190397 0 0.2557898855154895 0.0065949720267046655 0.01977266309471615 95.55720381720111
395 2765 0.12892517834792666 0 0.2644771339973005 0.006552921668922596 0.01972029894640969 96.1222550103567
396 2772 0.13582700414458385 0 0.22311917393380826 0.0065452413730097015 0.01970516281603476 96.28190760355913
397 2779 0.12048035268707599 0 0.23654729172337421 0.006584945397704229 0.01976313215851525 95.64945774720034
398 2786 0.12520447761805642 0 0.2638066328476527 0.006567048032971655 0.019734986265462797 95.95166969313192
399 2793 0.17616637860172676 0 0.2677018363369486 0.006527997670877153 0.019707473224980374 96.35341624679117
400 2800 0.2036935733099313 0 0.22443520502332884 0.006508846738063751 0.019706656877952776 96.37029184583848
401 2807 0.2224987606998628 0 0.3051146862112896 0.006520036372048204 0.019710133822979318 96.3141778036437
402 2814 0.23266648276525292 0 0.24505757042384424 0.0065261628705855015 0.019744215742067004 95.8076068244633
403 2821 0.235984949706345 0 0.2173410400973206 0.006499694277681647 0.019716070478164784 96.23638624473733
404 2828 0.22693138113130829 0 0.23693936870032398 0.006507295970485075 0.019732988903012064 95.99825367260851
405 2835 0.2271702552813201 0 0.2790498672891327 0.006487157063179355 0.019700505488501684 96.47027828114065
406 2842 0.23462728622833887 0 0.2186331617464157 0.006488284146050529 0.01972764222426362 96.08702114758344
407 2849 0.2549085366925579 0 0.25027523795342227 0.006518235317508367 0.019723583679866506 96.11481304530597
408 2856 0.28603576983745416 0 0.2128504456393106 0.00656419173015354 0.019762805621130988 95.48819141296978
409 2863 0.3559548624324536 0 0.23434067533487635 0.00662285524563303 0.019804584546197462 94.78725301982954
410 2870 0.3878558219443614 0 0.24623267983403163 0.00663386534101722 0.019816973932063227 94.56456727113283
411 2877 0.3413704883728505 0 0.2555787541700747 0.006625070490241818 0.019831473677571876 94.31924647293141
412 2884 0.399055483063269 0 0.2542242946579319 0.006671495192507061 0.019831000494735837 94.29789258845273
413 2891 0.3590385186730688 0 0.2204349199030096 0.006698017671973463 0.019854132755146112 93.89857302897677
414 2898 0.37737095529808234 0 0.2918209543345301 0.006648468900626871 0.019811880168024397 94.61775282938612
415 2905 0.3870534295773478 0 0.24851699809282377 0.006727335727521686 0.019884219940271643 93.35700710041355
416 2912 0.3085313488918487 0 0.26517500479306616 0.006669354942653397 0.01981154846517708 94.60588411455602
417 2919 0.32391017977117903 0 0.23869652569831756 0.006696963902633412 0.019865044973728957 93.69059452965169
418 2926 0.3049722686012485 0 0.26245956633909306 0.006641046182944145 0.01981055201015074 94.62579578797843
419 2933 0.33068636796591067 0 0.2339413740449776 0.006635786545363804 0.019810921821740088 94.60796008959956
420 2940 0.3196657932513029 0 0.27427463971861044 0.006644234936665419 0.01982182204273787 94.42373184290531
421 2947 0.34815632343220626 0 0.2740361230190902 0.006665392750051614 0.01984673269987815 93.9926951623868
422 2954 0.34788428267046595 0 0.22357903818512082 0.006631327708454733 0.019820178961636535 94.4745188130884
423 2961 0.47943282610409965 0 0.22208285358654606 0.006645651655997283 0.01985255897183704 93.89603522904494
424 2968 0.5464057757996328 0 0.22110845161778211 0.006595948065604325 0.019825736083515358 94.38315282109991
425 2975 0.5683396401350307 0 0.23648559546819695 0.006637363845916388 0.01986559765870802 93.68360349053583
426 2982 0.5874574077364298 0 0.24099864597822268 0.006595279163838135 0.019823654993909368 94.40434591827065
427 2989 0.8099989676032717 0 0.23636339016375527 0.006660897786526261 0.01982922696948912 94.22067997973147
428 2996 0.8198681087502444 0 0.27120360802900245 0.006669122663703035 0.01985675211399231 93.77380330161344
429 3003 0.8206926898294701 0 0.32759147830464447 0.006738243565671444 0.019898930295155277 93.04096025281673
430 3010 0.9548350075413387 0 0.27084583255397565 0.006804114377389791 0.01998281904446094 91.66721720439776
431 3017 1.0161209756330623 0 0.2658963172460624 0.00668208552292975 0.019899702930083064 93.07055804009507
432 3024 0.927219005140191 0 0.24641265508967897 0.006666663635397276 0.019855206097615777 93.85309023411394
433 3031 0.7549558962232381 0 0.22787932725544208 0.006732129696402605 0.019909367738148918 92.88337623147125
434 3038 0.8536641396831011 0 0.2539255749444127 0.006806167687681545 0.019997784417095335 91.38631346724921
435 3045 0.6925178056659184 0 0.23776762893394102 0.006724223502644069 0.019933140428973938 92.49519530142906
436 3052 0.6300977338973568 0 0.2701811297981884 0.006717923897921176 0.019903918068913076 92.95682624324921
437 3059 0.6151640953228098 0 0.21689661150440778 0.006707626550019279 0.019886415844105332 93.27558829855212
438 3066 0.5490869745976267 0 0.2200923813998364 0.006754638782760255 0.019936031012314236 92.40149310805127
439 3073 0.44429130741473516 0 0.23294333040955645 0.006709905463010448 0.019882156229460782 93.32441203767158
440 3080 0.4148333989719101 0 0.2284723883806495 0.00674859250426912 0.01993208480812057 92.45226315231032
441 3087 0.35822274079999017 0 0.2677753815401701 0.006725468534944151 0.01990653451339916 92.90011730579786
442 3094 0.3239703190131227 0 0.24544519842795856 0.006715964750513186 0.0198957498003873 93.08438015886819
443 3101 0.29751028896490295 0 0.21274339192851371 0.006711801701677424 0.019882134985726312 93.31665351616323
444 3108 0.2627480692098581 0 0.26248554655680534 0.006701575605276104 0.01987219578712567 93.5272566434625
445 3115 0.2480419764602609 0 0.2619538613560451 0.006702596389971251 0.019875987717509768 93.47305208883232
446 3122 0.24914980770208095 0 0.24907507995282024 0.006701464607776343 0.019878493786193815 93.49631610013877
447 3129 0.2398194269805598 0 0.2536222912267116 0.006703008165825973 0.019878753977564972 93.4707941364784
448 3136 0.22805458505246695 0 0.2574588456091556 0.006711210518010477 0.019891629175356917 93.08979728240902
449 3143 0.2413840589286624 0 0.2396295392134802 0.006731905042285918 0.01990773367117076 92.54809203516604
450 3150 0.23978396925138445 0 0.30223565315067163 0.006697656965385311 0.01988005040667534 93.45542214382586
451 3157 0.2410172582912959 0 0.22441395616980814 0.006709677800091185 0.019891476660848836 93.08485341940867
452 3164 0.22183958709256849 0 0.26347961749830945 0.006690150409520182 0.019872506189781935 93.69199223286012
453 3171 0.19727848593680436 0 0.2198973155791936 0.006712066666456256 0.01989261020756995 93.03745491784423
454 3178 0.18265916088526973 0 0.24792095034630135 0.006708354072829004 0.019891709870056375 93.07301236761495
455 3185 0.16705432223736255 0 0.21661121702605277 0.006703127460188491 0.019886335235681788 93.27406389822731
456 3192 0.14373220131856937 0 0.25372627141715015 0.006699657702723827 0.019880611995959425 93.50692629360137
457 3199 0.1282617013078508 0 0.24121620703492863 0.006709731936932054 0.019891867255433595 93.08033524675209
458 3206 0.15951393458851243 0 0.2502983495666874 0.006707714481848373 0.019893990790563518 92.98948116503426
459 3213 0.1760654625158753 0 0.24314323483517505 0.006702850872410829 0.019889584137023464 93.20977927990981
460 3220 0.17611498881775575 0 0.22993213290487438 0.0067057145965993305 0.019893155654677048 93.03037152668419
461 3227 0.154826913815209 0 0.22237552057787638 0.0067010599187026735 0.019889959317655654 93.1919258269908
462 3234 0.1466308043272855 0 0.2391212716866165 0.006713738888413487 0.019897457379611544 92.78699148209625
463 3241 0.1851174898557393 0 0.2512043373217587 0.006716688109970118 0.01990212739740647 92.5357928811233
464 3248 0.22037218326668923 0 0.28784814615616117 0.00672736121211752 0.019909102637902056 92.1534326446079
465 3255 0.2006480048835219 0 0.23070011891609926 0.006729647268183595 0.01991052777707196 92.06658762943353
466 3262 0.20586821809832595 0 0.26322406300307877 0.006738226753804715 0.01991760210590262 91.68762457158411
467 3269 0.23097274538709678 0 0.2240883057757111 0.006745111150597483 0.019922870468401643 91.39303361615882
468 3276 0.21354383695959614 0 0.25238249219033543 0.006711916789840161 0.019900731355068993 92.61524129892521
469 3283 0.2272681218536561 0 0.2378908217057608 0.006734666105768044 0.019917444207752967 91.6900037873378
470 3290 0.2849849102173234 0 0.26797296770042695 0.006709721954267662 0.01989891743377246 92.70424411361772
